CP=[161.93 162.82 165.21 163.28 165.81 166.51 163.66 161.43 163.66 158.69 164.51 159.85 165.73 163.08 162.62 161.41 164.98 159.30 158.27 161.10 164.17 159.65 157.38 165.31 166.32 163.19 163.23 165.72 163.09 155.73 164.89 159.56 164.66 161.67 161.65 164.03 160.17 159.41 162.37 160.34 161.64 165.69 161.63 164.77 161.97 157.49 157.01 166.07 155.15 163.25 157.98 164.70 163.76 166.49 165.86 165.04 162.57 157.89 159.75 161.38 159.55 156.61 157.40 165.15 165.43 166.84 166.23 158.41 161.50 166.68 161.92 159.90 166.87 157.72 157.96 166.69 166.06 166.11 161.60 164.41 159.90 159.57 156.45 162.35 163.99 168.27 167.80 166.28 163.11 168.67 166.35 161.49 161.60 161.97 164.90 164.64 168.00 157.66 161.15 165.03 159.76 160.35 163.08 164.46 161.90 160.31 169.22 159.93 163.86 159.06 168.17 165.21 165.09 162.60 163.56 166.16 161.77 165.26 154.34 154.01 153.61 151.60 160.23 165.78 169.38 160.20 164.77 154.44 165.73 164.14 161.46 167.84 158.80 161.63 164.41 152.31 161.10 151.30 165.66 169.12 154.99 167.35 167.94 162.09 168.48 162.70 163.49 151.16 161.22 165.55 162.14 164.84 159.86 164.59 163.29 159.16 166.15 156.88 153.14 167.70 167.14 158.00 162.88 162.39 167.27 165.45 151.85 150.23 163.97 163.13 154.72 161.43 160.83 160.29 158.10 162.09 159.11 159.85 163.97 164.73 167.05 163.85 164.18 161.90 163.73 154.30 164.47 154.35 160.14 166.79 164.28 166.23 152.68 150.39 160.57 164.41 155.95 155.64 158.98 166.08 163.23 155.40 164.49 162.75 160.28 167.84 164.65 170.03 164.45 167.49 161.16 155.55 151.29 167.53 166.30 168.96 167.87 168.13 165.60 161.41 163.26 164.54 162.99 168.78 167.19 157.55 164.10 163.15 164.90 164.50 168.83 164.16 159.32 163.96 167.51 157.03 160.71 164.85 153.94 165.37 165.68 161.65 152.76 155.15 163.50 162.32 168.14 164.02 156.52 165.15 161.49 157.55 156.42 168.72 163.37 165.29 161.18 165.54 151.90 155.54 164.57 160.66 159.47 164.11 164.26 160.62 160.13 161.87 169.14 167.84 163.62 157.40 165.16 163.29 154.75 151.68 163.80 154.58 162.25 155.56 152.84 166.02 163.60 156.12 162.89 167.09 164.02 163.48 158.88 158.32 160.05 167.21 166.95 162.36 155.31 162.21 0 0 0 0 0 0 0 0 0 0 0 0 0 0 0 0 0 0 0 0 0 0 0 0 0 0 0 0 0 0 0 0 0 0 0 0 0 0 0 0 0 0 0 0 0 0 0 0 0 0 0 0 0 0 0 0 0 0 0 0 0 0 0 0 0 0 0 0 0 0 0 0 0 0 0 0 0 0 0 0 0 0 0 0 0 0 0 0 0 0 0 0 0 0 0 0 0 0 0 0 0
157.30 154.47 158.22 159.12 154.30 155.75 154.66 153.46 156.39 154.97 155.69 159.79 155.98 160.06 154.83 158.10 156.21 157.08 153.94 154.93 159.03 157.72 160.51 161.14 153.33 157.10 158.61 159.85 160.04 160.30 154.17 156.14 155.23 156.89 155.88 155.88 153.78 160.54 160.24 157.74 159.56 160.57 159.48 159.02 161.97 158.92 154.93 159.56 156.23 152.60 155.55 159.06 158.39 157.50 155.65 157.46 157.44 155.62 160.20 156.79 160.92 156.46 155.97 155.01 151.89 154.46 152.54 156.80 161.37 161.66 156.10 161.82 161.24 153.10 157.52 153.89 153.42 151.61 155.54 161.88 149.03 153.38 151.98 157.42 156.81 154.31 164.70 157.82 149.08 158.87 153.91 158.80 153.93 163.11 159.71 159.79 154.59 152.86 155.92 157.62 157.34 159.10 159.21 157.12 155.05 157.47 160.52 150.42 158.95 149.15 156.31 156.04 153.39 157.87 162.13 160.75 149.52 155.65 163.76 152.41 157.50 153.82 157.51 160.84 163.57 156.34 159.83 157.50 153.60 155.57 162.02 155.47 148.81 162.11 150.08 153.40 161.82 156.60 159.54 156.15 154.65 159.49 156.02 155.12 161.42 157.04 164.42 157.98 153.90 158.92 154.44 161.47 159.62 156.07 159.87 159.90 150.67 158.04 153.56 155.62 164.51 161.35 162.10 160.15 155.65 162.96 154.87 159.89 160.91 164.78 162.04 156.43 161.51 157.23 158.38 159.63 163.54 152.82 148.83 162.73 152.26 154.67 154.57 162.99 154.80 155.99 160.26 164.79 158.35 149.13 151.41 159.18 148.09 156.58 159.17 159.63 154.98 164.88 164.76 160.07 157.24 156.77 162.50 160.62 152.86 156.46 160.43 153.74 159.09 152.50 147.90 164.82 151.75 159.34 161.23 161.23 155.39 161.62 163.02 154.75 152.96 162.26 156.57 159.87 156.28 159.77 162.34 152.52 155.54 159.17 151.27 159.74 158.49 156.39 157.78 159.51 157.76 158.32 154.67 153.21 157.55 155.42 161.45 153.56 154.80 150.05 146.32 158.47 158.55 152.51 157.37 155.54 159.16 155.12 152.06 154.20 160.86 152.88 162.04 163.89 159.46 159.81 144.30 154.48 151.39 160.07 157.93 155.33 162.32 160.07 154.50 156.07 151.34 150.68 160.11 153.09 159.52 141.36 158.10 159.30 154.46 162.25 0 0 0 0 0 0 0 0 0 0 0 0 0 0 0 0 0 0 0 0 0 0 0 0 0 0 0 0 0 0 0 0 0 0 0 0 0 0 0 0 0 0 0 0 0 0 0 0 0 0 0 0 0 0 0 0 0 0 0 0 0 0 0 0 0 0 0 0 0 0 0 0 0 0 0 0 0 0 0 0 0 0 0 0 0 0 0 0 0 0 0 0 0 0 0 0 0 0 0 0 0 0 0 0 0 0 0 0 0 0 0 0 0 0 0
62.39 160.81 156.88 165.04 165.63 165.25 161.56 161.92 160.63 166.13 162.08 160.01 166.03 164.62 163.68 165.43 164.40 162.63 164.09 165.99 159.78 161.26 161.13 165.59 165.25 159.43 162.28 165.95 166.09 159.28 162.72 165.22 156.98 163.77 159.20 163.76 161.97 161.76 165.78 166.45 165.87 165.75 160.59 161.62 161.35 161.77 163.15 157.00 165.22 161.68 152.39 159.04 166.48 165.28 158.30 161.34 163.61 153.03 161.15 160.08 165.46 161.40 158.09 163.65 162.41 155.09 156.10 162.54 162.86 164.89 162.16 165.39 160.38 165.39 165.87 162.06 161.49 163.16 168.81 167.61 166.40 164.92 165.58 159.69 168.19 164.31 164.03 158.86 165.82 163.68 161.14 166.24 160.26 161.15 160.37 164.11 158.30 160.47 165.58 146.99 164.60 165.49 167.19 162.67 160.41 165.91 152.94 165.96 160.10 160.31 165.63 166.83 152.52 164.19 164.49 163.14 161.20 166.07 157.59 165.09 160.04 155.93 164.17 160.65 163.57 164.61 164.25 165.21 168.14 167.43 159.05 170.49 163.20 164.74 165.59 160.65 152.20 168.41 164.69 161.31 143.02 168.24 160.06 164.03 163.02 163.42 167.70 163.84 167.60 152.05 161.73 163.34 160.30 161.28 158.99 162.59 159.86 168.71 169.20 161.38 165.47 165.53 166.04 163.49 165.49 163.20 142.32 163.92 162.17 159.29 161.48 169.18 165.43 161.98 160.68 163.56 166.55 163.86 158.71 159.69 161.17 163.18 159.54 163.69 169.41 165.31 169.64 166.28 168.21 161.84 160.41 161.03 161.01 163.61 166.94 156.10 168.14 161.67 167.02 170.34 162.29 169.11 164.45 163.03 165.28 157.69 160.90 159.64 161.03 161.37 163.67 163.29 161.04 164.01 163.90 166.18 162.19 152.81 163.10 168.64 148.53 166.22 168.98 163.06 160.58 165.20 167.79 158.85 168.15 170.77 159.79 146.87 166.21 161.74 150.37 157.69 163.02 151.36 163.95 162.21 161.34 160.02 168.25 164.18 163.59 153.21 165.67 164.00 163.91 164.17 164.21 159.43 163.54 148.87 163.19 157.94 166.27 156.37 168.20 170.35 164.42 162.68 148.98 159.69 149.87 163.72 164.02 163.59 0 0 0 0 0 0 0 0 0 0 0 0 0 0 0 0 0 0 0 0 0 0 0 0 0 0 0 0 0 0 0 0 0 0 0 0 0 0 0 0 0 0 0 0 0 0 0 0 0 0 0 0 0 0 0 0 0 0 0 0 0 0 0 0 0 0 0 0 0 0 0 0 0 0 0 0 0 0 0 0 0 0 0 0 0 0 0 0 0 0 0 0 0 0 0 0 0 0 0 0 0 0 0 0 0 0 0 0 0 0 0 0 0 0 0 0 0 0 0 0 0 0 0 0 0 0 0 0 0
