CA=[18.33
25.31
22.48
21.17
12.8
34.84
14.02
35.27
13.8
18.2
17.2
28.9
21.78
16.7
13.1
20.43
19.24
21
39.19
21.28
10.85
11.56
19.42
28.11];
