CA=[18.33
20.14
22.48
17.2
28.9
13.1
19.8
21
34.5
21.55
19.39
28.11
22.4
33.4
12.8
34.83
14.02
14.6
18.2
21.67
20.05
19.24
39.48
21.01
19.78
30.89
21.17
34.85
35.27
13.8
21.89
16.7
20.82
19.34
38.9
10.85
11.56
19.1];

