CP=[75
21.7
37.1
30
32.4
25
32.6
33
36.5
17
39
56
30.5
19.2
13
19
95
85
73.5
39.7
32.8
21.85
24.1
69
38.8
35.8
30.2
46
33
48
42.2
62
54.75
38
54
40
53
53
45.5
2
12.6
25
7
15
47.05
59
20.9
23.3
8.2
32.6
35
23
60
39
58.5
20.7
51
56
54.5
72
34.5
14.2
28.3
35
29.25
10
11
39
20.8
17
63.8
39
63.9
35
60
55
60.75
56
28.6
45.9
48.5
11.9
59
11.9
17
9.8
20
11.5
45
42
19.5
48.5
12
51
5
7
13.8
18.4
60
36
18.5
50.5
30
10.35
11.3
20.67
26.5
8.4
12.5
48
27.2
21.5
74
64.6
50
10
32
56.2
22
12.2
11.1
24.5
19
27
14.2
33
8.5
12.75
21.5
52.4
13.5
13.2
24];
