CP=[22	20.72	24.17	20.12	20.16	24.16	20.27	24.54	22.37	23.77	24.12	20.38	23.71	20.22	20.36	19.79	19.71	23.4	23.55	0	0
23.98	22.02	22.22	25.91	22.28	21.93	21.85	26.07	26.14	25.68	21.52	25.93	21.83	21.08	26.14	20.48	26.63	0	0	0	0
22.01	23.69	19.97	20.32	20.15	19.76	23.85	19.8	24.23	20.46	24.14	23.54	23.87	18.44	21.33	23.31	19.9	23.77	0	0	0
30.05	27.77	27.85	28.59	28.44	27.85	32	31.8	28.4	27.68	27.69	28	32.33	29.6	32.69	28.62	0	0	0	0	0
20	22.03	21.99	20.65	17.71	21.92	17.98	18.52	18.24	22.26	21.02	17.91	23.09	20.7	18.24	19.48	0	0	0	0	0
20.01	22.03	18.11	18.2	21.68	17.86	17.74	21.83	17	17.56	19.03	22.24	21.37	22.36	21.27	20.55	24.19	0	0	0	0
20.05	21.99	22.18	17.88	17.55	17.97	21.87	20.93	22.43	18.05	20.54	17.62	23.04	22.36	19	18.48	17.3	15.83	24.22	0	0
18.02	19.92	20.25	16.54	19.44	19.75	19.95	19.95	19.77	15.84	16.77	15.52	15.66	16.12	15.5	23.87	18.06	13.74	18.12	0	0
16.02	17.49	14.07	18.1	17.57	18.13	13.97	18.04	14.3	18.12	17.41	18.56	14.34	17.1	14.15	13.88	15.01	0	0	0	0
21.98	24.24	19.98	19.93	19.93	20	20.09	24.23	23.4	19.48	19.96	23.47	23.95	24.15	20.72	18.19	17.58	20.51	23.96	21.07	18.72
22.44	19.97	17.77	22.03	17.94	17.94	22.02	17.61	22.25	24.57	18.81	19.39	17.75	21.14	17.7	20.39	17.25	23.5	0	0	0
15.99	13.88	18.25	18.46	18.18	18.17	14.14	14.23	18.35	12.76	19.78	11.65	15.41	17.53	15.8	13.69	13.68	17.93	0	0	0
20	21.89	18.21	21.49	17.98	21.91	22.56	16.31	22.32	18.26	21.24	18.33	17.5	21.25	19.4	21.85	16.16	15.39	19.26	0	0
14.02	15.99	11.58	12.55	15.84	12.33	15.97	15.87	12	15.91	16.18	12.12	16.44	14.99	19.1	17.82	0	0	0	0	0
22.04	24.02	19.91	24.03	24.09	23.39	24.02	19.99	24.27	20	20.25	24.66	19.65	19.56	20.37	21.04	19.55	19.65	26.55	0	0];

