ALL=[0.8	0.45322129	0.55798319	0.45023148	0.49230769	0.36723856	0.49107143	0.44513889	0.39583333	0.45089286	0.36611197	0.43529412	0.43921569	0.46575077	0.32486264	0.44055944
0.81	0.45322129	0.55798319	0.45023148	0.49230769	0.36723856	0.49107143	0.44513889	0.39583333	0.45089286	0.36611197	0.43529412	0.43921569	0.46575077	0.32486264	0.44055944
0.82	0.45322129	0.55798319	0.45023148	0.49230769	0.36723856	0.49107143	0.44513889	0.39583333	0.45089286	0.36611197	0.43529412	0.43921569	0.46575077	0.32486264	0.44055944
0.83	0.45322129	0.55798319	0.45023148	0.49230769	0.36723856	0.49107143	0.44513889	0.39583333	0.45089286	0.36611197	0.43529412	0.43921569	0.46575077	0.32486264	0.44055944
0.84	0.45322129	0.55798319	0.45023148	0.49230769	0.36723856	0.49107143	0.44513889	0.39583333	0.45089286	0.36611197	0.43529412	0.43921569	0.46575077	0.32486264	0.44055944
0.85	0.45322129	0.55798319	0.45023148	0.49230769	0.36723856	0.49107143	0.44513889	0.39583333	0.45089286	0.36611197	0.43529412	0.43921569	0.46575077	0.32486264	0.44055944
0.86	0.45322129	0.55798319	0.45023148	0.49230769	0.36723856	0.49107143	0.44513889	0.39583333	0.45089286	0.36611197	0.43529412	0.43921569	0.46575077	0.32486264	0.44055944
0.87	0.45322129	0.55798319	0.45023148	0.49230769	0.36723856	0.49107143	0.44513889	0.39583333	0.45089286	0.36611197	0.43529412	0.43921569	0.46575077	0.32486264	0.44055944
0.88	0.45322129	0.55798319	0.45023148	0.49230769	0.36723856	0.49107143	0.44513889	0.39583333	0.45089286	0.33824819	0.43529412	0.43921569	0.46575077	0.32486264	0.44055944
0.89	0.45322129	0.55798319	0.45023148	0.49230769	0.36723856	0.49107143	0.44513889	0.39583333	0.45089286	0.33824819	0.43529412	0.43921569	0.46575077	0.32486264	0.44055944
0.9	0.45322129	0.55798319	0.45023148	0.49230769	0.36723856	0.49107143	0.44513889	0.39583333	0.45089286	0.31657637	0.43529412	0.43921569	0.46575077	0.32486264	0.44055944
0.91	0.45322129	0.55798319	0.42592593	0.49230769	0.36723856	0.49107143	0.44513889	0.39583333	0.45089286	0.31657637	0.43529412	0.43921569	0.46575077	0.32486264	0.44055944
0.92	0.45322129	0.55798319	0.42592593	0.49230769	0.36723856	0.49107143	0.44513889	0.39583333	0.45089286	0.31657637	0.43529412	0.43921569	0.46575077	0.29361264	0.44055944
0.93	0.45322129	0.55798319	0.37731481	0.49230769	0.34436275	0.49107143	0.44513889	0.39583333	0.45089286	0.29490454	0.43529412	0.40784314	0.46575077	0.26682692	0.44055944
0.94	0.45322129	0.55798319	0.37731481	0.49230769	0.27573529	0.49107143	0.39305556	0.39583333	0.45089286	0.2494969	0.36470588	0.40784314	0.35429567	0.21119505	0.41958042
0.95	0.42184874	0.40868347	0.32175926	0.49230769	0.18566176	0.49107143	0.28356481	0.12152778	0.41517857	0.16900155	0.29411765	0.17647059	0.30785604	0.19196429	0.3986014
0.96	0.33557423	0.28319328	0.22685185	0.47692308	0.07659314	0.41517857	0.15717593	0.09560185	0.26339286	0.11822755	0.25882353	0.09019608	0.26141641	0.11607143	0.3986014
0.97	0.10980392	0.08711485	0.12615741	0.03076923	0.05228758	0.375	0.10162037	0.04675926	0.11607143	0.02263932	0.08235294	0.05882353	0.09075077	0.10267857	0.14685315
0.98	0.07843137	0.03529412	0.09143519	0.03076923	0	0.13392857	0.07986111	0	0	0	0.04313725	0	0.09075077	0.09375	0.04895105];

