A=[0.80000000 0.49230769
0.81000000 0.49230769
0.82000000 0.49230769
0.83000000 0.49230769
0.84000000 0.49230769
0.85000000 0.49230769
0.86000000 0.49230769
0.87000000 0.49230769
0.88000000 0.49230769
0.89000000 0.49230769
0.90000000 0.49230769
0.91000000 0.49230769
0.92000000 0.49230769
0.93000000 0.49230769
0.94000000 0.49230769
0.95000000 0.49230769
0.96000000 0.47692308
0.97000000 0.03076923
0.98000000 0.03076923];
