P=[0.96 0.93 0.94 0.93 0.94 0.91 0.94 0.93 0.93 0.92 0.90 0.92 0.95 0.91 0.90 0.93 0.96
0.93 0.96 0.88 0.96 0.96 0.95 0.96 0.95 0.95 0.86 0.96 0.86 0.97 0.84 0.84 0.87 0.97
0.94 0.88 0.96 0.87 0.88 0.85 0.88 0.87 0.87 0.97 0.84 0.97 0.89 0.96 0.96 0.97 0.90
0.93 0.96 0.87 0.97 0.96 0.96 0.95 0.96 0.95 0.85 0.97 0.85 0.97 0.83 0.83 0.86 0.96
0.94 0.96 0.88 0.96 0.97 0.95 0.96 0.95 0.95 0.87 0.95 0.86 0.97 0.85 0.85 0.88 0.97
0.91 0.95 0.85 0.96 0.95 0.97 0.94 0.95 0.95 0.83 0.97 0.83 0.95 0.81 0.81 0.84 0.94
0.94 0.96 0.88 0.95 0.96 0.94 0.96 0.95 0.95 0.87 0.94 0.86 0.97 0.85 0.85 0.88 0.97
0.93 0.95 0.87 0.96 0.95 0.95 0.95 0.95 0.95 0.85 0.96 0.85 0.96 0.84 0.83 0.87 0.95
0.93 0.95 0.87 0.95 0.95 0.95 0.95 0.95 0.95 0.85 0.95 0.85 0.96 0.84 0.84 0.87 0.95
0.92 0.86 0.97 0.85 0.87 0.83 0.87 0.85 0.85 0.97 0.82 0.98 0.88 0.97 0.97 0.98 0.89
0.90 0.96 0.84 0.97 0.95 0.97 0.94 0.96 0.95 0.82 0.98 0.82 0.95 0.81 0.80 0.84 0.94
0.92 0.86 0.97 0.85 0.86 0.83 0.86 0.85 0.85 0.98 0.82 0.99 0.87 0.98 0.98 0.98 0.88
0.95 0.97 0.89 0.97 0.97 0.95 0.97 0.96 0.96 0.88 0.95 0.87 0.99 0.86 0.86 0.89 0.99
0.91 0.84 0.96 0.83 0.85 0.81 0.85 0.84 0.84 0.97 0.81 0.98 0.86 0.98 0.98 0.97 0.87
0.90 0.84 0.96 0.83 0.85 0.81 0.85 0.83 0.84 0.97 0.80 0.98 0.86 0.98 1.00 0.97 0.87
0.93 0.87 0.97 0.86 0.88 0.84 0.88 0.87 0.87 0.98 0.84 0.98 0.89 0.97 0.97 1.00 0.90
0.96 0.97 0.90 0.96 0.97 0.94 0.97 0.95 0.95 0.89 0.94 0.88 0.99 0.87 0.87 0.90 1.00];
