P=[0.96 0.92 0.93 0.93 0.92 0.92 0.91 0.94 0.93 0.95 0.94 0.96 0.92 0.95 0.97 0.97 0.96 0.86 0.87
0.92 0.96 0.85 0.96 0.84 0.84 0.84 0.87 0.96 0.88 0.86 0.93 0.97 0.88 0.93 0.91 0.96 0.94 0.79
0.93 0.85 0.96 0.87 0.96 0.96 0.95 0.96 0.86 0.96 0.97 0.92 0.86 0.97 0.92 0.94 0.90 0.79 0.94
0.93 0.96 0.87 0.97 0.85 0.85 0.85 0.88 0.97 0.89 0.87 0.94 0.97 0.89 0.94 0.92 0.97 0.93 0.80
0.92 0.84 0.96 0.85 0.97 0.97 0.96 0.96 0.85 0.96 0.97 0.91 0.85 0.97 0.91 0.93 0.88 0.78 0.95
0.92 0.84 0.96 0.85 0.97 0.97 0.96 0.96 0.85 0.96 0.97 0.91 0.85 0.96 0.91 0.93 0.88 0.78 0.95
0.91 0.84 0.95 0.85 0.96 0.96 0.95 0.95 0.85 0.95 0.96 0.91 0.84 0.95 0.91 0.93 0.88 0.77 0.95
0.94 0.87 0.96 0.88 0.96 0.96 0.95 0.96 0.88 0.96 0.97 0.93 0.87 0.97 0.94 0.95 0.91 0.81 0.92
0.93 0.96 0.86 0.97 0.85 0.85 0.85 0.88 0.97 0.89 0.87 0.94 0.98 0.89 0.94 0.92 0.96 0.93 0.80
0.95 0.88 0.96 0.89 0.96 0.96 0.95 0.96 0.89 0.97 0.97 0.94 0.88 0.98 0.95 0.96 0.92 0.82 0.91
0.94 0.86 0.97 0.87 0.97 0.97 0.96 0.97 0.87 0.97 0.98 0.93 0.86 0.98 0.93 0.95 0.90 0.80 0.93
0.96 0.93 0.92 0.94 0.91 0.91 0.91 0.93 0.94 0.94 0.93 0.97 0.93 0.94 0.98 0.97 0.97 0.87 0.86
0.92 0.97 0.86 0.97 0.85 0.85 0.84 0.87 0.98 0.88 0.86 0.93 0.99 0.88 0.93 0.91 0.96 0.93 0.79
0.95 0.88 0.97 0.89 0.97 0.96 0.95 0.97 0.89 0.98 0.98 0.94 0.88 1.00 0.95 0.97 0.92 0.81 0.92
0.97 0.93 0.92 0.94 0.91 0.91 0.91 0.94 0.94 0.95 0.93 0.98 0.93 0.95 1.00 0.98 0.97 0.87 0.86
0.97 0.91 0.94 0.92 0.93 0.93 0.93 0.95 0.92 0.96 0.95 0.97 0.91 0.97 0.98 1.00 0.95 0.85 0.88
0.96 0.96 0.90 0.97 0.88 0.88 0.88 0.91 0.96 0.92 0.90 0.97 0.96 0.92 0.97 0.95 1.00 0.90 0.83
0.86 0.94 0.79 0.93 0.78 0.78 0.77 0.81 0.93 0.82 0.80 0.87 0.93 0.81 0.87 0.85 0.90 1.00 0.73
0.87 0.79 0.94 0.80 0.95 0.95 0.95 0.92 0.80 0.91 0.93 0.86 0.79 0.92 0.86 0.88 0.83 0.73 1.00];
