P=[0.96 0.92 0.92 0.93 0.91 0.92 0.90 0.91 0.89 0.90 0.89 0.91 0.93 0.82 0.94 0.88 0.85 0.91
0.92 0.96 0.85 0.86 0.84 0.84 0.83 0.83 0.94 0.96 0.81 0.84 0.97 0.90 0.97 0.95 0.93 0.96
0.92 0.85 0.96 0.96 0.96 0.96 0.95 0.95 0.82 0.83 0.95 0.95 0.86 0.75 0.87 0.81 0.78 0.83
0.93 0.86 0.96 0.96 0.96 0.96 0.95 0.95 0.82 0.84 0.94 0.95 0.87 0.75 0.87 0.82 0.79 0.84
0.91 0.84 0.96 0.96 0.96 0.96 0.95 0.96 0.80 0.82 0.95 0.95 0.85 0.73 0.85 0.80 0.77 0.82
0.92 0.84 0.96 0.96 0.96 0.97 0.95 0.96 0.81 0.83 0.95 0.95 0.85 0.74 0.86 0.81 0.78 0.83
0.90 0.83 0.95 0.95 0.95 0.95 0.95 0.95 0.79 0.81 0.95 0.95 0.84 0.73 0.84 0.79 0.76 0.81
0.91 0.83 0.95 0.95 0.96 0.96 0.95 0.95 0.80 0.81 0.95 0.95 0.84 0.73 0.85 0.79 0.76 0.81
0.89 0.94 0.82 0.82 0.80 0.81 0.79 0.80 0.95 0.95 0.78 0.81 0.94 0.93 0.94 0.96 0.96 0.95
0.90 0.96 0.83 0.84 0.82 0.83 0.81 0.81 0.95 0.97 0.79 0.82 0.97 0.91 0.96 0.98 0.95 0.97
0.89 0.81 0.95 0.94 0.95 0.95 0.95 0.95 0.78 0.79 0.96 0.95 0.82 0.71 0.83 0.77 0.74 0.80
0.91 0.84 0.95 0.95 0.95 0.95 0.95 0.95 0.81 0.82 0.95 0.95 0.85 0.74 0.86 0.80 0.77 0.82
0.93 0.97 0.86 0.87 0.85 0.85 0.84 0.84 0.94 0.97 0.82 0.85 1.00 0.89 0.99 0.95 0.92 0.98
0.82 0.90 0.75 0.75 0.73 0.74 0.73 0.73 0.93 0.91 0.71 0.74 0.89 1.00 0.88 0.93 0.97 0.91
0.94 0.97 0.87 0.87 0.85 0.86 0.84 0.85 0.94 0.96 0.83 0.86 0.99 0.88 1.00 0.95 0.92 0.97
0.88 0.95 0.81 0.82 0.80 0.81 0.79 0.79 0.96 0.98 0.77 0.80 0.95 0.93 0.95 1.00 0.97 0.98
0.85 0.93 0.78 0.79 0.77 0.78 0.76 0.76 0.96 0.95 0.74 0.77 0.92 0.97 0.92 0.97 1.00 0.95
0.91 0.96 0.83 0.84 0.82 0.83 0.81 0.81 0.95 0.97 0.80 0.82 0.98 0.91 0.97 0.98 0.95 1.00];
