P = [0.96 0.93 0.94 0.94 0.93 0.94 0.94 0.92 0.94 0.92 0.97 0.92 0.96 0.93 0.95 0.94 0.90
0.93 0.97 0.97 0.96 0.96 0.88 0.97 0.97 0.97 0.97 0.94 0.86 0.96 0.98 0.88 0.87 0.96
0.94 0.97 0.97 0.96 0.96 0.89 0.97 0.96 0.97 0.96 0.95 0.87 0.97 0.98 0.89 0.88 0.95
0.94 0.96 0.96 0.96 0.96 0.89 0.96 0.96 0.96 0.96 0.94 0.87 0.96 0.97 0.89 0.88 0.95
0.93 0.96 0.96 0.96 0.96 0.88 0.96 0.96 0.96 0.96 0.94 0.86 0.96 0.97 0.89 0.88 0.95
0.94 0.88 0.89 0.89 0.88 0.98 0.89 0.87 0.89 0.87 0.94 0.97 0.92 0.88 0.98 0.98 0.85
0.94 0.97 0.97 0.96 0.96 0.89 0.97 0.97 0.97 0.96 0.94 0.86 0.96 0.98 0.89 0.88 0.96
0.92 0.97 0.96 0.96 0.96 0.87 0.97 0.98 0.97 0.97 0.92 0.84 0.95 0.98 0.87 0.86 0.98
0.94 0.97 0.97 0.96 0.96 0.89 0.97 0.97 0.97 0.96 0.95 0.87 0.97 0.97 0.89 0.88 0.96
0.92 0.97 0.96 0.96 0.96 0.87 0.96 0.97 0.96 0.97 0.93 0.85 0.95 0.97 0.87 0.86 0.97
0.97 0.94 0.95 0.94 0.94 0.94 0.94 0.92 0.95 0.93 1.00 0.92 0.97 0.94 0.95 0.93 0.90
0.92 0.86 0.87 0.87 0.86 0.97 0.86 0.84 0.87 0.85 0.92 1.00 0.89 0.86 0.98 0.99 0.82
0.96 0.96 0.97 0.96 0.96 0.92 0.96 0.95 0.97 0.95 0.97 0.89 1.00 0.96 0.92 0.91 0.93
0.93 0.98 0.98 0.97 0.97 0.88 0.98 0.98 0.97 0.97 0.94 0.86 0.96 1.00 0.88 0.87 0.97
0.95 0.88 0.89 0.89 0.89 0.98 0.89 0.87 0.89 0.87 0.95 0.98 0.92 0.88 1.00 0.99 0.85
0.94 0.87 0.88 0.88 0.88 0.98 0.88 0.86 0.88 0.86 0.93 0.99 0.91 0.87 0.99 1.00 0.84
0.90 0.96 0.95 0.95 0.95 0.85 0.96 0.98 0.96 0.97 0.90 0.82 0.93 0.97 0.85 0.84 1.00];
