M=[0	1	2	3	4	5	6	7	8	9	10	11	12	13	14	15	16	17	18	19	20	21	22	23	24
1	0	12.1316834912	22.6673353661	40.1460070933	32.7092622795	40.1460070929	22.6673353662	27.7212991026	22.667335366	44.7710366157	44.7710366097	44.7710366107	32.7092622803	9.4699679496	24.8662345215	27.72129910233	27.7212991033	20.1175021669	44.7710366106	44.7710366109	27.7212991027	27.7212991027	22.667335367	44.7710366107
2	12.1316834912	0	22.6673353649	40.1460070921	32.7092622783	40.1460070917	22.667335365	27.7212991014	22.6673353648	44.7710366145	44.7710366085	44.7710366095	32.7092622791	12.1316834904	24.8662345203	27.72129910113	27.7212991021	20.1175021657	44.7710366094	44.7710366097	27.7212991015	27.7212991015	22.6673353658	44.7710366095
3	22.6673353661	22.6673353649	0	40.1460070916	32.7092622778	40.1460070912	11.3091780745	27.7212991009	11.3091780743	44.771036614	44.771036608	44.771036609	32.7092622786	22.6673353653	24.8662345198	27.72129910063	27.7212991016	22.6673353652	44.7710366089	44.7710366092	27.721299101	27.721299101	9.9928058769	44.771036609
4	40.1460070933	40.1460070921	40.1460070916	0	40.146007091	25.5762779124	40.1460070917	40.1460070921	40.1460070915	44.7710366152	44.7710366092	44.7710366102	40.1460070918	40.1460070925	40.146007093	40.14600709183	40.1460070928	40.1460070924	44.7710366101	44.7710366104	40.1460070922	40.1460070922	40.1460070925	44.7710366102
5	32.7092622795	32.7092622783	32.7092622778	40.146007091	0	40.1460070906	32.7092622779	32.7092622783	32.7092622777	44.7710366134	44.7710366074	44.7710366084	31.0024331234	32.7092622787	32.7092622792	32.70926227803	32.709262279	32.7092622786	44.7710366083	44.7710366086	32.7092622784	32.7092622784	32.7092622787	44.7710366084
6	40.1460070929	40.1460070917	40.1460070912	25.5762779124	40.1460070906	0	40.1460070913	40.1460070917	40.1460070911	44.7710366148	44.7710366088	44.7710366098	40.1460070914	40.1460070921	40.1460070926	40.14600709143	40.1460070924	40.146007092	44.7710366097	44.77103661	40.1460070918	40.1460070918	40.1460070921	44.7710366098
7	22.6673353662	22.667335365	11.3091780745	40.1460070917	32.7092622779	40.1460070913	0	27.721299101	6.4932590304	44.7710366141	44.7710366081	44.7710366091	32.7092622787	22.6673353654	24.8662345199	27.72129910073	27.7212991017	22.6673353653	44.771036609	44.7710366093	27.7212991011	27.7212991011	11.3091780754	44.7710366091
8	27.7212991026	27.7212991014	27.7212991009	40.1460070921	32.7092622783	40.1460070917	27.721299101	0	27.7212991008	44.7710366145	44.7710366085	44.7710366095	32.7092622791	27.7212991018	27.7212991023	20.30493255113	20.3049325521	27.7212991017	44.7710366094	44.7710366097	23.0485260055	23.0485260055	27.7212991018	44.7710366095
9	22.667335366	22.6673353648	11.3091780743	40.1460070915	32.7092622777	40.1460070911	6.4932590304	27.7212991008	0	44.7710366139	44.7710366079	44.7710366089	32.7092622785	22.6673353652	24.8662345197	27.72129910053	27.7212991015	22.6673353651	44.7710366088	44.7710366091	27.7212991009	27.7212991009	11.3091780752	44.7710366089
10	44.7710366157	44.7710366145	44.771036614	44.7710366152	44.7710366134	44.7710366148	44.7710366141	44.7710366145	44.7710366139	0	43.16502569	39.183598897	44.7710366142	44.7710366149	44.7710366154	44.77103661423	44.7710366152	44.7710366148	39.1835988969	39.1835988972	44.7710366146	44.7710366146	44.7710366149	39.183598897
11	44.7710366097	44.7710366085	44.771036608	44.7710366092	44.7710366074	44.7710366088	44.7710366081	44.7710366085	44.7710366079	43.16502569	0	43.165025685	44.7710366082	44.7710366089	44.7710366094	44.77103660823	44.7710366092	44.7710366088	43.1650256849	43.1650256852	44.7710366086	44.7710366086	44.7710366089	43.165025685
12	44.7710366107	44.7710366095	44.771036609	44.7710366102	44.7710366084	44.7710366098	44.7710366091	44.7710366095	44.7710366089	39.183598897	43.165025685	0	44.7710366092	44.7710366099	44.7710366104	44.77103660923	44.7710366102	44.7710366098	26.1050702759	26.1050702762	44.7710366096	44.7710366096	44.7710366099	15.187598304
13	32.7092622803	32.7092622791	32.7092622786	40.1460070918	31.0024331234	40.1460070914	32.7092622787	32.7092622791	32.7092622785	44.7710366142	44.7710366082	44.7710366092	0	32.7092622795	32.70926228	32.70926227883	32.7092622798	32.7092622794	44.7710366091	44.7710366094	32.7092622792	32.7092622792	32.7092622795	44.7710366092
14	9.4699679496	12.1316834904	22.6673353653	40.1460070925	32.7092622787	40.1460070921	22.6673353654	27.7212991018	22.6673353652	44.7710366149	44.7710366089	44.7710366099	32.7092622795	0	24.8662345207	27.72129910153	27.7212991025	20.1175021661	44.7710366098	44.7710366101	27.7212991019	27.7212991019	22.6673353662	44.7710366099
15	24.8662345215	24.8662345203	24.8662345198	40.146007093	32.7092622792	40.1460070926	24.8662345199	27.7212991023	24.8662345197	44.7710366154	44.7710366094	44.7710366104	32.70926228	24.8662345207	0	27.72129910203	27.721299103	24.8662345206	44.7710366103	44.7710366106	27.7212991024	27.7212991024	24.8662345207	44.7710366104
16	27.72129910233	27.72129910113	27.72129910063	40.14600709183	32.70926227803	40.14600709143	27.72129910073	20.30493255113	27.72129910053	44.77103661423	44.77103660823	44.77103660923	32.70926227883	27.72129910153	27.72129910203	0	19.02102396903	27.72129910143	44.77103660913	44.77103660943	23.04852600523	23.04852600523	27.72129910153	44.77103660923
17	27.7212991033	27.7212991021	27.7212991016	40.1460070928	32.709262279	40.1460070924	27.7212991017	20.3049325521	27.7212991015	44.7710366152	44.7710366092	44.7710366102	32.7092622798	27.7212991025	27.721299103	19.02102396903	0	27.7212991024	44.7710366101	44.7710366104	23.0485260062	23.0485260062	27.7212991025	44.7710366102
18	20.1175021669	20.1175021657	22.6673353652	40.1460070924	32.7092622786	40.146007092	22.6673353653	27.7212991017	22.6673353651	44.7710366148	44.7710366088	44.7710366098	32.7092622794	20.1175021661	24.8662345206	27.72129910143	27.7212991024	0	44.7710366097	44.77103661	27.7212991018	27.7212991018	22.6673353661	44.7710366098
19	44.7710366106	44.7710366094	44.7710366089	44.7710366101	44.7710366083	44.7710366097	44.771036609	44.7710366094	44.7710366088	39.1835988969	43.1650256849	26.1050702759	44.7710366091	44.7710366098	44.7710366103	44.77103660913	44.7710366101	44.7710366097	0	15.5459313961	44.7710366095	44.7710366095	44.7710366098	26.1050702759
20	44.7710366109	44.7710366097	44.7710366092	44.7710366104	44.7710366086	44.77103661	44.7710366093	44.7710366097	44.7710366091	39.1835988972	43.1650256852	26.1050702762	44.7710366094	44.7710366101	44.7710366106	44.77103660943	44.7710366104	44.77103661	15.5459313961	0	44.7710366098	44.7710366098	44.7710366101	26.1050702762
21	27.7212991027	27.7212991015	27.721299101	40.1460070922	32.7092622784	40.1460070918	27.7212991011	23.0485260055	27.7212991009	44.7710366146	44.7710366086	44.7710366096	32.7092622792	27.7212991019	27.7212991024	23.04852600523	23.0485260062	27.7212991018	44.7710366095	44.7710366098	0	0.8030173732	27.7212991019	44.7710366096
22	27.7212991027	27.7212991015	27.721299101	40.1460070922	32.7092622784	40.1460070918	27.7212991011	23.0485260055	27.7212991009	44.7710366146	44.7710366086	44.7710366096	32.7092622792	27.7212991019	27.7212991024	23.04852600523	23.0485260062	27.7212991018	44.7710366095	44.7710366098	0.8030173732	0	27.7212991019	44.7710366096
23	22.667335367	22.6673353658	9.9928058769	40.1460070925	32.7092622787	40.1460070921	11.3091780754	27.7212991018	11.3091780752	44.7710366149	44.7710366089	44.7710366099	32.7092622795	22.6673353662	24.8662345207	27.72129910153	27.7212991025	22.6673353661	44.7710366098	44.7710366101	27.7212991019	27.7212991019	0	44.7710366099
24	44.7710366107	44.7710366095	44.771036609	44.7710366102	44.7710366084	44.7710366098	44.7710366091	44.7710366095	44.7710366089	39.183598897	43.165025685	15.187598304	44.7710366092	44.7710366099	44.7710366104	44.77103660923	44.7710366102	44.7710366098	26.1050702759	26.1050702762	44.7710366096	44.7710366096	44.7710366099	0];
