M=[0	0.894427190999916	0.821583836257749	0.806225774829855	0.85146931829632	0.894427190999916	0.806225774829855	0.921954445729289	0.806225774829855	0.85146931829632	0.866025403784439	0.866025403784439	0.836660026534076	0.85146931829632	0.908295106229247	0.921954445729289	0.85146931829632	0.908295106229247	0.894427190999916	0.948683298050514	0.85146931829632	0.806225774829855	0.866025403784439	0.821583836257749
0.894427190999916	0	0.935414346693485	0.88034084308295	0.921954445729289	0.866025403784439	0.866025403784439	0.908295106229247	0.88034084308295	0.774596669241483	0.921954445729289	0.866025403784439	0.894427190999916	0.948683298050514	0.836660026534076	0.806225774829855	0.836660026534076	0.85146931829632	0.806225774829855	0.894427190999916	0.790569415042095	0.85146931829632	0.866025403784439	0.821583836257749
0.821583836257749	0.935414346693485	0	0.836660026534076	0.85146931829632	0.935414346693485	0.866025403784439	0.836660026534076	0.821583836257749	0.908295106229247	0.707106781186548	0.821583836257749	0.821583836257749	0.821583836257749	0.894427190999916	0.894427190999916	0.821583836257749	0.88034084308295	0.790569415042095	0.806225774829855	0.85146931829632	0.866025403784439	0.85146931829632	0.790569415042095
0.806225774829855	0.88034084308295	0.836660026534076	0	0.908295106229247	0.88034084308295	0.85146931829632	0.894427190999916	0.821583836257749	0.790569415042095	0.894427190999916	0.921954445729289	0.85146931829632	0.866025403784439	0.908295106229247	0.85146931829632	0.894427190999916	0.821583836257749	0.908295106229247	0.866025403784439	0.908295106229247	0.921954445729289	0.836660026534076	0.806225774829855
0.85146931829632	0.921954445729289	0.85146931829632	0.908295106229247	0	0.866025403784439	0.88034084308295	0.836660026534076	0.821583836257749	0.866025403784439	0.85146931829632	0.894427190999916	0.85146931829632	0.790569415042095	0.894427190999916	0.88034084308295	0.866025403784439	0.88034084308295	0.88034084308295	0.908295106229247	0.866025403784439	0.88034084308295	0.894427190999916	0.866025403784439
0.894427190999916	0.866025403784439	0.935414346693485	0.88034084308295	0.866025403784439	0	0.866025403784439	0.88034084308295	0.894427190999916	0.894427190999916	0.894427190999916	0.821583836257749	0.88034084308295	0.948683298050514	0.894427190999916	0.921954445729289	0.806225774829855	0.85146931829632	0.836660026534076	0.88034084308295	0.894427190999916	0.866025403784439	0.836660026534076	0.908295106229247
0.806225774829855	0.866025403784439	0.866025403784439	0.85146931829632	0.88034084308295	0.866025403784439	0	0.908295106229247	0.88034084308295	0.821583836257749	0.866025403784439	0.821583836257749	0.790569415042095	0.935414346693485	0.866025403784439	0.821583836257749	0.85146931829632	0.806225774829855	0.836660026534076	0.88034084308295	0.88034084308295	0.88034084308295	0.836660026534076	0.894427190999916
0.921954445729289	0.908295106229247	0.836660026534076	0.894427190999916	0.836660026534076	0.88034084308295	0.908295106229247	0	0.85146931829632	0.88034084308295	0.821583836257749	0.88034084308295	0.85146931829632	0.806225774829855	0.88034084308295	0.85146931829632	0.866025403784439	0.935414346693485	0.908295106229247	0.790569415042095	0.88034084308295	0.88034084308295	0.866025403784439	0.836660026534076
0.806225774829855	0.88034084308295	0.821583836257749	0.821583836257749	0.821583836257749	0.894427190999916	0.88034084308295	0.85146931829632	0	0.866025403784439	0.88034084308295	0.894427190999916	0.894427190999916	0.836660026534076	0.88034084308295	0.866025403784439	0.790569415042095	0.866025403784439	0.866025403784439	0.894427190999916	0.894427190999916	0.894427190999916	0.836660026534076	0.894427190999916
0.85146931829632	0.774596669241483	0.908295106229247	0.790569415042095	0.866025403784439	0.894427190999916	0.821583836257749	0.88034084308295	0.866025403784439	0	0.908295106229247	0.821583836257749	0.894427190999916	0.806225774829855	0.821583836257749	0.774596669241483	0.806225774829855	0.866025403784439	0.88034084308295	0.88034084308295	0.921954445729289	0.935414346693485	0.790569415042095	0.790569415042095
0.866025403784439	0.921954445729289	0.707106781186548	0.894427190999916	0.85146931829632	0.894427190999916	0.866025403784439	0.821583836257749	0.88034084308295	0.908295106229247	0	0.741619848709566	0.774596669241483	0.866025403784439	0.85146931829632	0.85146931829632	0.85146931829632	0.866025403784439	0.88034084308295	0.88034084308295	0.836660026534076	0.866025403784439	0.866025403784439	0.88034084308295
0.866025403784439	0.866025403784439	0.821583836257749	0.921954445729289	0.894427190999916	0.821583836257749	0.821583836257749	0.88034084308295	0.894427190999916	0.821583836257749	0.741619848709566	0	0.866025403784439	0.836660026534076	0.821583836257749	0.774596669241483	0.85146931829632	0.88034084308295	0.774596669241483	0.921954445729289	0.790569415042095	0.88034084308295	0.774596669241483	0.894427190999916
0.836660026534076	0.894427190999916	0.821583836257749	0.85146931829632	0.85146931829632	0.88034084308295	0.790569415042095	0.85146931829632	0.894427190999916	0.894427190999916	0.774596669241483	0.866025403784439	0	0.908295106229247	0.821583836257749	0.908295106229247	0.790569415042095	0.88034084308295	0.88034084308295	0.908295106229247	0.85146931829632	0.85146931829632	0.894427190999916	0.88034084308295
0.85146931829632	0.948683298050514	0.821583836257749	0.866025403784439	0.790569415042095	0.948683298050514	0.935414346693485	0.806225774829855	0.836660026534076	0.806225774829855	0.866025403784439	0.836660026534076	0.908295106229247	0	0.908295106229247	0.836660026534076	0.88034084308295	0.836660026534076	0.866025403784439	0.866025403784439	0.836660026534076	0.894427190999916	0.88034084308295	0.821583836257749
0.908295106229247	0.836660026534076	0.894427190999916	0.908295106229247	0.894427190999916	0.894427190999916	0.866025403784439	0.88034084308295	0.88034084308295	0.821583836257749	0.85146931829632	0.821583836257749	0.821583836257749	0.908295106229247	0	0.790569415042095	0.866025403784439	0.894427190999916	0.836660026534076	0.88034084308295	0.821583836257749	0.88034084308295	0.866025403784439	0.88034084308295
0.921954445729289	0.806225774829855	0.894427190999916	0.85146931829632	0.88034084308295	0.921954445729289	0.821583836257749	0.85146931829632	0.866025403784439	0.774596669241483	0.85146931829632	0.774596669241483	0.908295106229247	0.836660026534076	0.790569415042095	0	0.894427190999916	0.88034084308295	0.790569415042095	0.921954445729289	0.85146931829632	0.88034084308295	0.806225774829855	0.866025403784439
0.85146931829632	0.836660026534076	0.821583836257749	0.894427190999916	0.866025403784439	0.806225774829855	0.85146931829632	0.866025403784439	0.790569415042095	0.806225774829855	0.85146931829632	0.85146931829632	0.790569415042095	0.88034084308295	0.866025403784439	0.894427190999916	0	0.894427190999916	0.866025403784439	0.821583836257749	0.836660026534076	0.88034084308295	0.836660026534076	0.908295106229247
0.908295106229247	0.85146931829632	0.88034084308295	0.821583836257749	0.88034084308295	0.85146931829632	0.806225774829855	0.935414346693485	0.866025403784439	0.866025403784439	0.866025403784439	0.88034084308295	0.88034084308295	0.836660026534076	0.894427190999916	0.88034084308295	0.894427190999916	0	0.88034084308295	0.921954445729289	0.806225774829855	0.88034084308295	0.821583836257749	0.935414346693485
0.894427190999916	0.806225774829855	0.790569415042095	0.908295106229247	0.88034084308295	0.836660026534076	0.836660026534076	0.908295106229247	0.866025403784439	0.88034084308295	0.88034084308295	0.774596669241483	0.88034084308295	0.866025403784439	0.836660026534076	0.790569415042095	0.866025403784439	0.88034084308295	0	0.908295106229247	0.790569415042095	0.774596669241483	0.836660026534076	0.836660026534076
