A=[0.00000000 1.00000000
0.01010101 1.00000000
0.02020202 1.00000000
0.03030303 0.99934484
0.04040404 0.99497707
0.05050505 0.99344835
0.06060606 0.99104608
0.07070707 0.98886220
0.08080808 0.98755187
0.09090909 0.98536798
0.10101010 0.98187377
0.11111111 0.97859795
0.12121212 0.97510373
0.13131313 0.97204630
0.14141414 0.96658659
0.15151515 0.96156366
0.16161616 0.95654073
0.17171717 0.95129941
0.18181818 0.94431098
0.19191919 0.93841450
0.20202020 0.93142608
0.21212121 0.92487443
0.22222222 0.91613889
0.23232323 0.90784014
0.24242424 0.89954138
0.25252525 0.89102424
0.26262626 0.88141516
0.27272727 0.87442673
0.28282828 0.86678314
0.29292929 0.85695567
0.30303030 0.84865691
0.31313131 0.83882944
0.32323232 0.82965713
0.33333333 0.82266870
0.34343434 0.80847347
0.35353535 0.79755405
0.36363636 0.78707141
0.37373737 0.77462328
0.38383838 0.76566936
0.39393939 0.75409478
0.40404040 0.74404892
0.41414141 0.73269273
0.42424242 0.72330203
0.43434343 0.71325617
0.44444444 0.70080804
0.45454545 0.69054379
0.46464646 0.68115309
0.47474747 0.67132562
0.48484848 0.66106137
0.49494949 0.65079712
0.50505051 0.64184320
0.51515152 0.63026862
0.52525253 0.61782048
0.53535354 0.60602752
0.54545455 0.59641843
0.55555556 0.58571741
0.56565657 0.57414283
0.57575758 0.56409696
0.58585859 0.55405110
0.59595960 0.53832715
0.60606061 0.52544224
0.61616162 0.51364927
0.62626263 0.50120114
0.63636364 0.48787945
0.64646465 0.47608648
0.65656566 0.46298318
0.66666667 0.45206377
0.67676768 0.44048919
0.68686869 0.42760428
0.69696970 0.41406421
0.70707071 0.40248963
0.71717172 0.38851278
0.72727273 0.37715658
0.73737374 0.36667395
0.74747475 0.35619131
0.75757576 0.34636383
0.76767677 0.33413409
0.77777778 0.32103079
0.78787879 0.31011138
0.79797980 0.30115746
0.80808081 0.29132998
0.81818182 0.27800830
0.82828283 0.26206595
0.83838384 0.24656038
0.84848485 0.23302031
0.85858586 0.21795152
0.86868687 0.20244595
0.87878788 0.18956104
0.88888889 0.17340031
0.89898990 0.15920507
0.90909091 0.14522822
0.91919192 0.13234331
0.92929293 0.11181481
0.93939394 0.09543568
0.94949495 0.07883817
0.95959596 0.06442455
0.96969697 0.05153964
0.97979798 0.03516052
0.98989899 0.01856301
1.00000000 0.00000000];
