P=[0.96 0.93 0.92 0.92 0.92 0.92 0.93 0.92 0.91 0.94 0.92 0.92 0.92 0.90 0.93 0.90 0.87
0.93 0.96 0.96 0.87 0.96 0.86 0.87 0.96 0.96 0.88 0.86 0.96 0.86 0.95 0.95 0.84 0.94
0.92 0.96 0.97 0.85 0.96 0.85 0.85 0.96 0.97 0.86 0.85 0.97 0.85 0.97 0.95 0.83 0.95
0.92 0.87 0.85 0.95 0.86 0.95 0.96 0.86 0.84 0.96 0.95 0.85 0.95 0.83 0.87 0.97 0.81
0.92 0.96 0.96 0.86 0.96 0.85 0.86 0.96 0.96 0.87 0.85 0.96 0.85 0.96 0.95 0.83 0.94
0.92 0.86 0.85 0.95 0.85 0.96 0.97 0.85 0.83 0.96 0.96 0.85 0.95 0.82 0.86 0.97 0.80
0.93 0.87 0.85 0.96 0.86 0.97 0.98 0.86 0.84 0.98 0.97 0.85 0.95 0.83 0.87 0.97 0.80
0.92 0.96 0.96 0.86 0.96 0.85 0.86 0.96 0.96 0.87 0.85 0.96 0.85 0.96 0.95 0.83 0.95
0.91 0.96 0.97 0.84 0.96 0.83 0.84 0.96 0.97 0.85 0.84 0.97 0.83 0.97 0.95 0.82 0.96
0.94 0.88 0.86 0.96 0.87 0.96 0.98 0.87 0.85 0.98 0.97 0.86 0.95 0.84 0.88 0.96 0.81
0.92 0.86 0.85 0.95 0.85 0.96 0.97 0.85 0.84 0.97 0.96 0.85 0.95 0.82 0.86 0.96 0.80
0.92 0.96 0.97 0.85 0.96 0.85 0.85 0.96 0.97 0.86 0.85 0.97 0.85 0.97 0.95 0.83 0.95
0.92 0.86 0.85 0.95 0.85 0.95 0.95 0.85 0.83 0.95 0.95 0.85 0.95 0.82 0.86 0.96 0.80
0.90 0.95 0.97 0.83 0.96 0.82 0.83 0.96 0.97 0.84 0.82 0.97 0.82 0.99 0.95 0.80 0.98
0.93 0.95 0.95 0.87 0.95 0.86 0.87 0.95 0.95 0.88 0.86 0.95 0.86 0.95 0.95 0.84 0.94
0.90 0.84 0.83 0.97 0.83 0.97 0.97 0.83 0.82 0.96 0.96 0.83 0.96 0.80 0.84 1.00 0.78
0.87 0.94 0.95 0.81 0.94 0.80 0.80 0.95 0.96 0.81 0.80 0.95 0.80 0.98 0.94 0.78 1.00];
