P=[0.95 0.92 0.91 0.89 0.93 0.93 0.92 0.92 0.90 0.91 0.84 0.95 0.90 0.92 0.81 0.96 0.94 0.94 0.85
0.92 0.96 0.85 0.82 0.87 0.96 0.96 0.85 0.83 0.95 0.91 0.95 0.95 0.85 0.88 0.95 0.88 0.88 0.92
0.91 0.85 0.94 0.94 0.95 0.85 0.85 0.95 0.94 0.84 0.76 0.89 0.82 0.96 0.73 0.90 0.95 0.95 0.77
0.89 0.82 0.94 0.95 0.94 0.83 0.82 0.95 0.95 0.81 0.74 0.86 0.79 0.96 0.71 0.87 0.94 0.94 0.74
0.93 0.87 0.95 0.94 0.95 0.87 0.87 0.95 0.94 0.86 0.78 0.91 0.84 0.96 0.75 0.91 0.97 0.97 0.79
0.93 0.96 0.85 0.83 0.87 0.97 0.97 0.86 0.84 0.96 0.91 0.95 0.96 0.85 0.88 0.95 0.88 0.88 0.92
0.92 0.96 0.85 0.82 0.87 0.97 0.97 0.85 0.83 0.96 0.91 0.95 0.96 0.85 0.88 0.95 0.88 0.88 0.92
0.92 0.85 0.95 0.95 0.95 0.86 0.85 0.96 0.95 0.84 0.77 0.89 0.82 0.97 0.73 0.90 0.97 0.97 0.77
0.90 0.83 0.94 0.95 0.94 0.84 0.83 0.95 0.94 0.82 0.75 0.87 0.80 0.95 0.72 0.88 0.94 0.94 0.75
0.91 0.95 0.84 0.81 0.86 0.96 0.96 0.84 0.82 0.96 0.92 0.94 0.96 0.84 0.89 0.94 0.87 0.87 0.93
0.84 0.91 0.76 0.74 0.78 0.91 0.91 0.77 0.75 0.92 0.95 0.87 0.94 0.76 0.94 0.87 0.79 0.79 0.96
0.95 0.95 0.89 0.86 0.91 0.95 0.95 0.89 0.87 0.94 0.87 0.97 0.93 0.89 0.84 0.97 0.92 0.92 0.88
0.90 0.95 0.82 0.79 0.84 0.96 0.96 0.82 0.80 0.96 0.94 0.93 0.97 0.82 0.91 0.92 0.85 0.85 0.95
0.92 0.85 0.96 0.96 0.96 0.85 0.85 0.97 0.95 0.84 0.76 0.89 0.82 0.99 0.73 0.90 0.97 0.97 0.77
0.81 0.88 0.73 0.71 0.75 0.88 0.88 0.73 0.72 0.89 0.94 0.84 0.91 0.73 1.00 0.84 0.76 0.76 0.96
0.96 0.95 0.90 0.87 0.91 0.95 0.95 0.90 0.88 0.94 0.87 0.97 0.92 0.90 0.84 1.00 0.92 0.92 0.87
0.94 0.88 0.95 0.94 0.97 0.88 0.88 0.97 0.94 0.87 0.79 0.92 0.85 0.97 0.76 0.92 1.00 1.00 0.80
0.94 0.88 0.95 0.94 0.97 0.88 0.88 0.97 0.94 0.87 0.79 0.92 0.85 0.97 0.76 0.92 1.00 1.00 0.80
0.85 0.92 0.77 0.74 0.79 0.92 0.92 0.77 0.75 0.93 0.96 0.88 0.95 0.77 0.96 0.87 0.80 0.80 1.00];
