P=[0.96 0.92 0.92 0.91 0.92 0.92 0.92 0.92 0.91 0.92 0.90 0.92 0.94 0.91 0.94 0.88 0.96 0.92 0.94 0.83 0.86
0.92 0.96 0.95 0.84 0.95 0.96 0.96 0.96 0.84 0.84 0.96 0.85 0.95 0.87 0.87 0.95 0.95 0.85 0.96 0.91 0.93
0.92 0.95 0.95 0.84 0.95 0.95 0.96 0.96 0.84 0.84 0.95 0.85 0.95 0.87 0.87 0.95 0.95 0.85 0.96 0.91 0.93
0.91 0.84 0.84 0.97 0.84 0.84 0.84 0.84 0.95 0.97 0.82 0.96 0.87 0.92 0.96 0.79 0.88 0.97 0.86 0.75 0.77
0.92 0.95 0.95 0.84 0.95 0.95 0.95 0.96 0.84 0.84 0.95 0.85 0.95 0.86 0.87 0.95 0.95 0.85 0.96 0.91 0.93
0.92 0.96 0.95 0.84 0.95 0.96 0.96 0.96 0.84 0.84 0.95 0.85 0.95 0.87 0.87 0.95 0.95 0.85 0.96 0.91 0.93
0.92 0.96 0.96 0.84 0.95 0.96 0.96 0.96 0.84 0.84 0.96 0.85 0.96 0.86 0.87 0.95 0.95 0.85 0.97 0.91 0.93
0.92 0.96 0.96 0.84 0.96 0.96 0.96 0.97 0.84 0.85 0.96 0.85 0.96 0.87 0.87 0.95 0.96 0.85 0.97 0.90 0.93
0.91 0.84 0.84 0.95 0.84 0.84 0.84 0.84 0.94 0.95 0.82 0.95 0.87 0.92 0.95 0.79 0.88 0.96 0.86 0.75 0.77
0.92 0.84 0.84 0.97 0.84 0.84 0.84 0.85 0.95 0.97 0.82 0.96 0.87 0.92 0.96 0.79 0.88 0.97 0.86 0.75 0.77
0.90 0.96 0.95 0.82 0.95 0.95 0.96 0.96 0.82 0.82 0.97 0.83 0.94 0.85 0.85 0.97 0.93 0.83 0.95 0.93 0.95
0.92 0.85 0.85 0.96 0.85 0.85 0.85 0.85 0.95 0.96 0.83 0.96 0.88 0.92 0.96 0.80 0.89 0.97 0.87 0.76 0.78
0.94 0.95 0.95 0.87 0.95 0.95 0.96 0.96 0.87 0.87 0.94 0.88 0.97 0.89 0.90 0.92 0.97 0.88 0.97 0.88 0.90
0.91 0.87 0.87 0.92 0.86 0.87 0.86 0.87 0.92 0.92 0.85 0.92 0.89 0.92 0.92 0.82 0.91 0.92 0.89 0.78 0.80
0.94 0.87 0.87 0.96 0.87 0.87 0.87 0.87 0.95 0.96 0.85 0.96 0.90 0.92 0.98 0.82 0.91 0.98 0.89 0.78 0.80
0.88 0.95 0.95 0.79 0.95 0.95 0.95 0.95 0.79 0.79 0.97 0.80 0.92 0.82 0.82 1.00 0.91 0.80 0.93 0.96 0.98
0.96 0.95 0.95 0.88 0.95 0.95 0.95 0.96 0.88 0.88 0.93 0.89 0.97 0.91 0.91 0.91 1.00 0.89 0.98 0.87 0.89
0.92 0.85 0.85 0.97 0.85 0.85 0.85 0.85 0.96 0.97 0.83 0.97 0.88 0.92 0.98 0.80 0.89 1.00 0.87 0.76 0.78
0.94 0.96 0.96 0.86 0.96 0.96 0.97 0.97 0.86 0.86 0.95 0.87 0.97 0.89 0.89 0.93 0.98 0.87 1.00 0.89 0.91
0.83 0.91 0.91 0.75 0.91 0.91 0.91 0.90 0.75 0.75 0.93 0.76 0.88 0.78 0.78 0.96 0.87 0.76 0.89 1.00 0.98
0.86 0.93 0.93 0.77 0.93 0.93 0.93 0.93 0.77 0.77 0.95 0.78 0.90 0.80 0.80 0.98 0.89 0.78 0.91 0.98 1.00];
