P=[0.95 0.91 0.92 0.91 0.92 0.90 0.90 0.91 0.90 0.90 0.92 0.95 0.88 0.92 0.83 0.83 0.89 0.96 0.96
0.91 0.96 0.84 0.83 0.84 0.82 0.95 0.96 0.82 0.94 0.94 0.95 0.80 0.96 0.75 0.91 0.96 0.90 0.88
0.92 0.84 0.96 0.96 0.96 0.96 0.83 0.84 0.95 0.83 0.86 0.88 0.92 0.85 0.91 0.76 0.82 0.95 0.96
0.91 0.83 0.96 0.96 0.96 0.96 0.82 0.83 0.95 0.81 0.85 0.87 0.93 0.83 0.92 0.75 0.80 0.93 0.95
0.92 0.84 0.96 0.96 0.96 0.96 0.82 0.83 0.94 0.82 0.86 0.88 0.92 0.84 0.91 0.75 0.81 0.94 0.95
0.90 0.82 0.96 0.96 0.96 0.96 0.81 0.82 0.95 0.80 0.84 0.86 0.93 0.82 0.93 0.74 0.79 0.92 0.94
0.90 0.95 0.83 0.82 0.82 0.81 0.96 0.96 0.81 0.94 0.94 0.94 0.78 0.96 0.74 0.93 0.97 0.88 0.87
0.91 0.96 0.84 0.83 0.83 0.82 0.96 0.96 0.82 0.94 0.94 0.95 0.79 0.97 0.75 0.92 0.96 0.89 0.88
0.90 0.82 0.95 0.95 0.94 0.95 0.81 0.82 0.94 0.81 0.84 0.86 0.93 0.83 0.93 0.74 0.80 0.93 0.94
0.90 0.94 0.83 0.81 0.82 0.80 0.94 0.94 0.81 0.93 0.93 0.93 0.78 0.95 0.73 0.93 0.95 0.88 0.86
0.92 0.94 0.86 0.85 0.86 0.84 0.94 0.94 0.84 0.93 0.94 0.95 0.82 0.95 0.77 0.89 0.94 0.92 0.90
0.95 0.95 0.88 0.87 0.88 0.86 0.94 0.95 0.86 0.93 0.95 0.97 0.84 0.96 0.79 0.87 0.93 0.94 0.92
0.88 0.80 0.92 0.93 0.92 0.93 0.78 0.79 0.93 0.78 0.82 0.84 0.93 0.80 0.93 0.71 0.77 0.90 0.91
0.92 0.96 0.85 0.83 0.84 0.82 0.96 0.97 0.83 0.95 0.95 0.96 0.80 0.98 0.75 0.91 0.97 0.90 0.88
0.83 0.75 0.91 0.92 0.91 0.93 0.74 0.75 0.93 0.73 0.77 0.79 0.93 0.75 1.00 0.66 0.72 0.85 0.87
0.83 0.91 0.76 0.75 0.75 0.74 0.93 0.92 0.74 0.93 0.89 0.87 0.71 0.91 0.66 1.00 0.94 0.81 0.80
0.89 0.96 0.82 0.80 0.81 0.79 0.97 0.96 0.80 0.95 0.94 0.93 0.77 0.97 0.72 0.94 1.00 0.87 0.85
0.96 0.90 0.95 0.93 0.94 0.92 0.88 0.89 0.93 0.88 0.92 0.94 0.90 0.90 0.85 0.81 0.87 1.00 0.98
0.96 0.88 0.96 0.95 0.95 0.94 0.87 0.88 0.94 0.86 0.90 0.92 0.91 0.88 0.87 0.80 0.85 0.98 1.00];
