P=[0.94 0.89 0.90 0.91 0.89 0.89 0.89 0.91 0.91 0.92 0.90 0.87 0.89 0.90 0.92 0.94 0.94
0.89 0.94 0.80 0.81 0.79 0.94 0.95 0.94 0.81 0.94 0.95 0.95 0.79 0.80 0.95 0.85 0.94
0.90 0.80 0.95 0.95 0.95 0.80 0.80 0.83 0.95 0.83 0.80 0.78 0.93 0.95 0.82 0.95 0.85
0.91 0.81 0.95 0.96 0.95 0.81 0.81 0.84 0.95 0.84 0.81 0.79 0.93 0.95 0.84 0.96 0.86
0.89 0.79 0.95 0.95 0.94 0.79 0.79 0.82 0.95 0.83 0.80 0.77 0.93 0.95 0.82 0.94 0.84
0.89 0.94 0.80 0.81 0.79 0.94 0.95 0.94 0.81 0.94 0.95 0.95 0.79 0.80 0.95 0.84 0.94
0.89 0.95 0.80 0.81 0.79 0.95 0.95 0.94 0.81 0.95 0.95 0.95 0.79 0.80 0.96 0.84 0.95
0.91 0.94 0.83 0.84 0.82 0.94 0.94 0.94 0.84 0.95 0.94 0.93 0.82 0.83 0.96 0.88 0.95
0.91 0.81 0.95 0.95 0.95 0.81 0.81 0.84 0.96 0.85 0.82 0.79 0.93 0.95 0.84 0.96 0.86
0.92 0.94 0.83 0.84 0.83 0.94 0.95 0.95 0.85 0.96 0.95 0.93 0.82 0.84 0.97 0.88 0.97
0.90 0.95 0.80 0.81 0.80 0.95 0.95 0.94 0.82 0.95 0.96 0.95 0.79 0.81 0.97 0.85 0.95
0.87 0.95 0.78 0.79 0.77 0.95 0.95 0.93 0.79 0.93 0.95 0.96 0.77 0.78 0.95 0.82 0.93
0.89 0.79 0.93 0.93 0.93 0.79 0.79 0.82 0.93 0.82 0.79 0.77 0.93 0.93 0.82 0.93 0.84
0.90 0.80 0.95 0.95 0.95 0.80 0.80 0.83 0.95 0.84 0.81 0.78 0.93 0.96 0.83 0.96 0.85
0.92 0.95 0.82 0.84 0.82 0.95 0.96 0.96 0.84 0.97 0.97 0.95 0.82 0.83 1.00 0.87 0.98
0.94 0.85 0.95 0.96 0.94 0.84 0.84 0.88 0.96 0.88 0.85 0.82 0.93 0.96 0.87 1.00 0.90
0.94 0.94 0.85 0.86 0.84 0.94 0.95 0.95 0.86 0.97 0.95 0.93 0.84 0.85 0.98 0.90 1.00];
