P=[0.95 0.92 0.91 0.92 0.89 0.91 0.92 0.90 0.90 0.93 0.87 0.90 0.94 0.93 0.83 0.96 0.95
0.92 0.96 0.84 0.96 0.95 0.96 0.85 0.83 0.96 0.85 0.94 0.82 0.87 0.87 0.75 0.90 0.96
0.91 0.84 0.95 0.84 0.81 0.83 0.96 0.94 0.82 0.96 0.79 0.96 0.96 0.95 0.91 0.94 0.88
0.92 0.96 0.84 0.95 0.95 0.95 0.85 0.83 0.96 0.86 0.94 0.83 0.87 0.87 0.75 0.90 0.96
0.89 0.95 0.81 0.95 0.95 0.95 0.82 0.81 0.96 0.83 0.95 0.80 0.85 0.84 0.73 0.88 0.93
0.91 0.96 0.83 0.95 0.95 0.96 0.84 0.82 0.96 0.84 0.95 0.81 0.86 0.85 0.74 0.89 0.94
0.92 0.85 0.96 0.85 0.82 0.84 0.97 0.95 0.83 0.96 0.80 0.96 0.97 0.95 0.90 0.95 0.88
0.90 0.83 0.94 0.83 0.81 0.82 0.95 0.94 0.81 0.95 0.78 0.95 0.95 0.94 0.92 0.93 0.87
0.90 0.96 0.82 0.96 0.96 0.96 0.83 0.81 0.97 0.84 0.95 0.81 0.85 0.85 0.73 0.88 0.95
0.93 0.85 0.96 0.86 0.83 0.84 0.96 0.95 0.84 0.96 0.81 0.96 0.97 0.95 0.90 0.95 0.89
0.87 0.94 0.79 0.94 0.95 0.95 0.80 0.78 0.95 0.81 0.96 0.78 0.82 0.82 0.70 0.85 0.92
0.90 0.82 0.96 0.83 0.80 0.81 0.96 0.95 0.81 0.96 0.78 0.98 0.96 0.95 0.92 0.93 0.86
0.94 0.87 0.96 0.87 0.85 0.86 0.97 0.95 0.85 0.97 0.82 0.96 1.00 0.96 0.88 0.97 0.91
0.93 0.87 0.95 0.87 0.84 0.85 0.95 0.94 0.85 0.95 0.82 0.95 0.96 0.96 0.88 0.96 0.90
0.83 0.75 0.91 0.75 0.73 0.74 0.90 0.92 0.73 0.90 0.70 0.92 0.88 0.88 1.00 0.85 0.79
0.96 0.90 0.94 0.90 0.88 0.89 0.95 0.93 0.88 0.95 0.85 0.93 0.97 0.96 0.85 1.00 0.94
0.95 0.96 0.88 0.96 0.93 0.94 0.88 0.87 0.95 0.89 0.92 0.86 0.91 0.90 0.79 0.94 1.00];
