M=[0	0.5916079783	0.5656854249	0.5744562647	0.5744562647	0.5099019514	0.3464101615	0.316227766	0.331662479	0.316227766	0.3464101615	0.5567764363	0.5385164807	0.5099019514	0.5567764363	0.5656854249	0.5567764363	0.5656854249	0.5656854249	0.331662479	0.331662479	0.331662479	0.331662479	0.5567764363	0.3741657387	0.4	0.6164414003	0.3872983346	0.5385164807	0.5477225575	0.5477225575	0	0.5385164807	0.2449489743	0.2449489743	0.2449489743	0.2828427125	0.2449489743	0.2449489743	0.2828427125	0.5477225575	0.5477225575	0.5744562647	0.5477225575	0.5567764363	0.632455532	0.5744562647	0.5744562647	0.5385164807	0.5744562647	0.5477225575	0.5567764363	0.608276253	0.316227766	0.5385164807	0.5567764363	0.5567764363	0.3605551275	0.5830951895	0.5744562647	0.5385164807	0.5099019514	0.4	0.5656854249	0.5916079783	0.5477225575	0.5385164807	0.5567764363	0
0.5916079783	0	0.4582575695	0.5	0.5	0.4898979486	0.5744562647	0.5656854249	0.5656854249	0.5744562647	0.5744562647	0.5196152423	0.5	0.4898979486	0.4582575695	0.469041576	0.4795831523	0.469041576	0.469041576	0.5830951895	0.5830951895	0.5830951895	0.5830951895	0.5196152423	0.632455532	0.6403124237	0.6244997998	0.6244997998	0.5	0.4123105626	0.4	0.5916079783	0.3872983346	0.5567764363	0.5567764363	0.5567764363	0.5744562647	0.5567764363	0.5567764363	0.5656854249	0.4	0.4472135955	0.4898979486	0.5291502622	0.4358898944	0.5916079783	0.4795831523	0.5656854249	0.4	0.4472135955	0.4242640687	0.4123105626	0.5830951895	0.5567764363	0.5	0.4582575695	0.4472135955	0.6	0.4582575695	0.4582575695	0.5099019514	0.4582575695	0.6403124237	0.5291502622	0.469041576	0.4123105626	0.5	0.5196152423	0.5916079783
0.5656854249	0.4582575695	0	0.3605551275	0.3605551275	0.5	0.5567764363	0.5385164807	0.5477225575	0.5567764363	0.5567764363	0.5291502622	0.5196152423	0.5	0.2828427125	0.3	0.316227766	0.3	0.3	0.5656854249	0.5656854249	0.5656854249	0.5656854249	0.5385164807	0.6	0.6	0.6164414003	0.5916079783	0.5196152423	0.3872983346	0.3741657387	0.5656854249	0.3605551275	0.5291502622	0.5291502622	0.5291502622	0.5477225575	0.5291502622	0.5291502622	0.5385164807	0.3741657387	0.3741657387	0.3464101615	0.5477225575	0.4242640687	0.6164414003	0.4123105626	0.5656854249	0.4358898944	0.3605551275	0.4472135955	0.469041576	0.5385164807	0.5291502622	0.5196152423	0.469041576	0.4358898944	0.5744562647	0.3464101615	0.4472135955	0.5196152423	0.4898979486	0.6	0.5477225575	0.331662479	0.4	0.5196152423	0.5	0.5656854249
0.5744562647	0.5	0.3605551275	0	0	0.5	0.5830951895	0.5656854249	0.5744562647	0.5830951895	0.5830951895	0.5099019514	0.4898979486	0.5	0.2236067977	0.2449489743	0.2645751311	0.2449489743	0.2449489743	0.5830951895	0.5830951895	0.5830951895	0.5830951895	0.5099019514	0.6244997998	0.6244997998	0.608276253	0.6164414003	0.4898979486	0.4242640687	0.4123105626	0.5744562647	0.4	0.5567764363	0.5567764363	0.5567764363	0.5744562647	0.5567764363	0.5567764363	0.5656854249	0.4123105626	0.4123105626	0.3	0.5196152423	0.4	0.6244997998	0.4472135955	0.5830951895	0.469041576	0.4242640687	0.4795831523	0.5	0.5567764363	0.5567764363	0.4898979486	0.5196152423	0.4898979486	0.6	0.4123105626	0.5099019514	0.4898979486	0.4795831523	0.6244997998	0.5196152423	0.3872983346	0.4582575695	0.4898979486	0.4898979486	0.5744562647
0.5744562647	0.5	0.3605551275	0	0	0.5	0.5830951895	0.5656854249	0.5744562647	0.5830951895	0.5830951895	0.5099019514	0.4898979486	0.5	0.2236067977	0.2449489743	0.2645751311	0.2449489743	0.2449489743	0.5830951895	0.5830951895	0.5830951895	0.5830951895	0.5099019514	0.6244997998	0.6244997998	0.608276253	0.6164414003	0.4898979486	0.4242640687	0.4123105626	0.5744562647	0.4	0.5567764363	0.5567764363	0.5567764363	0.5744562647	0.5567764363	0.5567764363	0.5656854249	0.4123105626	0.4123105626	0.3	0.5196152423	0.4	0.6244997998	0.4472135955	0.5830951895	0.469041576	0.4242640687	0.4795831523	0.5	0.5567764363	0.5567764363	0.4898979486	0.5196152423	0.4898979486	0.6	0.4123105626	0.5099019514	0.4898979486	0.4795831523	0.6244997998	0.5196152423	0.3872983346	0.4582575695	0.4898979486	0.4898979486	0.5744562647
0.5099019514	0.4898979486	0.5	0.5	0.5	0	0.5099019514	0.4898979486	0.5	0.5099019514	0.5099019514	0.5	0.4795831523	0	0.5	0.5099019514	0.5196152423	0.5099019514	0.5099019514	0.5	0.5	0.5	0.5	0.5	0.5477225575	0.5656854249	0.5385164807	0.5477225575	0.4795831523	0.4795831523	0.469041576	0.5099019514	0.4582575695	0.4795831523	0.4795831523	0.4795831523	0.5	0.4795831523	0.4795831523	0.4898979486	0.469041576	0.4242640687	0.5385164807	0.5099019514	0.469041576	0.5744562647	0.4582575695	0.5	0.5	0.5196152423	0.5099019514	0.5099019514	0.5567764363	0.4795831523	0.4795831523	0.5385164807	0.5099019514	0.5291502622	0.5099019514	0.5196152423	0.4795831523	0.4	0.5656854249	0.5099019514	0.5	0.4795831523	0.4795831523	0.5	0.5099019514
0.3464101615	0.5744562647	0.5567764363	0.5830951895	0.5830951895	0.5099019514	0	0.2	0.1	0.1414213562	0	0.5744562647	0.5567764363	0.5099019514	0.5656854249	0.5744562647	0.5656854249	0.5744562647	0.5744562647	0.2645751311	0.2645751311	0.2645751311	0.2645751311	0.5744562647	0.3872983346	0.3872983346	0.6164414003	0.3741657387	0.5477225575	0.5385164807	0.5291502622	0.3464101615	0.5196152423	0.2449489743	0.2449489743	0.2449489743	0.2828427125	0.2449489743	0.2449489743	0.2	0.5291502622	0.5291502622	0.6	0.5744562647	0.5385164807	0.608276253	0.5567764363	0.5656854249	0.5477225575	0.5567764363	0.5567764363	0.5744562647	0.5830951895	0.2	0.5567764363	0.5656854249	0.5656854249	0.3	0.5744562647	0.5385164807	0.5567764363	0.5	0.3872983346	0.5830951895	0.5744562647	0.5291502622	0.5567764363	0.5744562647	0.3464101615
0.316227766	0.5656854249	0.5385164807	0.5656854249	0.5656854249	0.4898979486	0.2	0	0.1732050808	0.2	0.2	0.5656854249	0.5477225575	0.4898979486	0.5477225575	0.5567764363	0.5477225575	0.5567764363	0.5567764363	0.2236067977	0.2236067977	0.2236067977	0.2236067977	0.5656854249	0.3872983346	0.3872983346	0.6	0.3741657387	0.5385164807	0.5291502622	0.5196152423	0.316227766	0.5099019514	0.2	0.2	0.2	0.2449489743	0.2	0.2	0.1414213562	0.5196152423	0.5099019514	0.5830951895	0.5656854249	0.5196152423	0.608276253	0.5385164807	0.5477225575	0.5291502622	0.5477225575	0.5385164807	0.5567764363	0.5830951895	0.1414213562	0.5477225575	0.5477225575	0.5385164807	0.2828427125	0.5567764363	0.5291502622	0.5477225575	0.4795831523	0.3872983346	0.5656854249	0.5656854249	0.5099019514	0.5477225575	0.5656854249	0.316227766
0.331662479	0.5656854249	0.5477225575	0.5744562647	0.5744562647	0.5	0.1	0.1732050808	0	0.1	0.1	0.5656854249	0.5477225575	0.5	0.5567764363	0.5656854249	0.5567764363	0.5656854249	0.5656854249	0.2449489743	0.2449489743	0.2449489743	0.2449489743	0.5656854249	0.3741657387	0.3741657387	0.608276253	0.3605551275	0.5385164807	0.5291502622	0.5196152423	0.331662479	0.5099019514	0.2236067977	0.2236067977	0.2236067977	0.2645751311	0.2236067977	0.2236067977	0.1732050808	0.5196152423	0.5196152423	0.5916079783	0.5656854249	0.5291502622	0.6	0.5477225575	0.5567764363	0.5385164807	0.5477225575	0.5477225575	0.5656854249	0.5744562647	0.1732050808	0.5477225575	0.5567764363	0.5567764363	0.3	0.5656854249	0.5291502622	0.5477225575	0.4898979486	0.3741657387	0.5744562647	0.5744562647	0.5196152423	0.5477225575	0.5656854249	0.331662479
0.316227766	0.5744562647	0.5567764363	0.5830951895	0.5830951895	0.5099019514	0.1414213562	0.2	0.1	0	0.1414213562	0.5744562647	0.5567764363	0.5099019514	0.5656854249	0.5744562647	0.5656854249	0.5744562647	0.5744562647	0.2236067977	0.2236067977	0.2236067977	0.2236067977	0.5744562647	0.3605551275	0.3605551275	0.6164414003	0.3464101615	0.5477225575	0.5385164807	0.5291502622	0.316227766	0.5196152423	0.2	0.2	0.2	0.2449489743	0.2	0.2	0.1414213562	0.5291502622	0.5291502622	0.6	0.5744562647	0.5385164807	0.608276253	0.5567764363	0.5656854249	0.5477225575	0.5567764363	0.5567764363	0.5744562647	0.5830951895	0.2	0.5567764363	0.5656854249	0.5656854249	0.2828427125	0.5744562647	0.5385164807	0.5567764363	0.5	0.3605551275	0.5830951895	0.5830951895	0.5291502622	0.5567764363	0.5744562647	0.316227766
