P=[0.94 0.89 0.89 0.90 0.89 0.91 0.90 0.90 0.89 0.91 0.87 0.89 0.87 0.93 0.80 0.73
0.89 0.94 0.79 0.80 0.79 0.94 0.80 0.80 0.94 0.95 0.95 0.78 0.77 0.84 0.70 0.63
0.89 0.79 0.94 0.94 0.94 0.82 0.95 0.94 0.80 0.81 0.77 0.95 0.94 0.93 0.90 0.84
0.90 0.80 0.94 0.94 0.94 0.82 0.95 0.94 0.80 0.81 0.77 0.95 0.93 0.94 0.89 0.83
0.89 0.79 0.94 0.94 0.94 0.82 0.95 0.94 0.80 0.81 0.77 0.95 0.94 0.93 0.90 0.84
0.91 0.94 0.82 0.82 0.82 0.94 0.83 0.83 0.94 0.95 0.94 0.81 0.80 0.87 0.72 0.66
0.90 0.80 0.95 0.95 0.95 0.83 0.96 0.95 0.80 0.81 0.78 0.96 0.94 0.94 0.90 0.83
0.90 0.80 0.94 0.94 0.94 0.83 0.95 0.95 0.81 0.82 0.78 0.95 0.94 0.94 0.90 0.83
0.89 0.94 0.80 0.80 0.80 0.94 0.80 0.81 0.94 0.95 0.94 0.79 0.77 0.85 0.70 0.63
0.91 0.95 0.81 0.81 0.81 0.95 0.81 0.82 0.95 0.97 0.95 0.80 0.78 0.86 0.71 0.65
0.87 0.95 0.77 0.77 0.77 0.94 0.78 0.78 0.94 0.95 0.96 0.76 0.75 0.82 0.67 0.61
0.89 0.78 0.95 0.95 0.95 0.81 0.96 0.95 0.79 0.80 0.76 0.97 0.95 0.94 0.91 0.85
0.87 0.77 0.94 0.93 0.94 0.80 0.94 0.94 0.77 0.78 0.75 0.95 0.95 0.91 0.93 0.86
0.93 0.84 0.93 0.94 0.93 0.87 0.94 0.94 0.85 0.86 0.82 0.94 0.91 0.96 0.85 0.78
0.80 0.70 0.90 0.89 0.90 0.72 0.90 0.90 0.70 0.71 0.67 0.91 0.93 0.85 1.00 0.93
0.73 0.63 0.84 0.83 0.84 0.66 0.83 0.83 0.63 0.65 0.61 0.85 0.86 0.78 0.93 1.00];
