P=[0.94 0.89 0.89 0.90 0.89 0.91 0.88 0.88 0.88 0.91 0.89 0.78 0.84 0.89 0.90 0.96 0.95 0.81
0.89 0.95 0.79 0.93 0.79 0.95 0.77 0.78 0.95 0.82 0.96 0.89 0.93 0.78 0.80 0.90 0.92 0.71
0.89 0.79 0.94 0.80 0.94 0.80 0.95 0.94 0.78 0.94 0.78 0.68 0.73 0.95 0.96 0.88 0.86 0.92
0.90 0.93 0.80 0.93 0.80 0.94 0.79 0.80 0.93 0.84 0.94 0.87 0.91 0.80 0.82 0.92 0.93 0.73
0.89 0.79 0.94 0.80 0.95 0.80 0.95 0.95 0.78 0.94 0.78 0.68 0.73 0.95 0.96 0.88 0.86 0.92
0.91 0.95 0.80 0.94 0.80 0.97 0.79 0.79 0.95 0.83 0.97 0.88 0.93 0.80 0.81 0.92 0.94 0.72
0.88 0.77 0.95 0.79 0.95 0.79 0.96 0.95 0.76 0.94 0.76 0.66 0.72 0.96 0.96 0.87 0.85 0.93
0.88 0.78 0.94 0.80 0.95 0.79 0.95 0.95 0.77 0.94 0.77 0.67 0.72 0.95 0.96 0.87 0.85 0.93
0.88 0.95 0.78 0.93 0.78 0.95 0.76 0.77 0.95 0.81 0.96 0.90 0.93 0.77 0.79 0.89 0.91 0.70
0.91 0.82 0.94 0.84 0.94 0.83 0.94 0.94 0.81 0.95 0.81 0.71 0.76 0.95 0.96 0.91 0.89 0.89
0.89 0.96 0.78 0.94 0.78 0.97 0.76 0.77 0.96 0.81 0.99 0.90 0.94 0.77 0.79 0.90 0.91 0.70
0.78 0.89 0.68 0.87 0.68 0.88 0.66 0.67 0.90 0.71 0.90 0.97 0.93 0.67 0.69 0.79 0.81 0.60
0.84 0.93 0.73 0.91 0.73 0.93 0.72 0.72 0.93 0.76 0.94 0.93 0.94 0.73 0.74 0.85 0.87 0.65
0.89 0.78 0.95 0.80 0.95 0.80 0.96 0.95 0.77 0.95 0.77 0.67 0.73 0.97 0.97 0.88 0.86 0.92
0.90 0.80 0.96 0.82 0.96 0.81 0.96 0.96 0.79 0.96 0.79 0.69 0.74 0.97 1.00 0.89 0.88 0.91
0.96 0.90 0.88 0.92 0.88 0.92 0.87 0.87 0.89 0.91 0.90 0.79 0.85 0.88 0.89 1.00 0.98 0.80
0.95 0.92 0.86 0.93 0.86 0.94 0.85 0.85 0.91 0.89 0.91 0.81 0.87 0.86 0.88 0.98 1.00 0.78
0.81 0.71 0.92 0.73 0.92 0.72 0.93 0.93 0.70 0.89 0.70 0.60 0.65 0.92 0.91 0.80 0.78 1.00];
