P=[0.96 0.92 0.92 0.92 0.92 0.92 0.91 0.92 0.92 0.92 0.94 0.92 0.90 0.90 0.83 0.91 0.91 0.96 0.94
0.92 0.97 0.85 0.85 0.84 0.84 0.97 0.94 0.85 0.97 0.87 0.97 0.95 0.82 0.75 0.97 0.97 0.96 0.97
0.92 0.85 0.97 0.96 0.96 0.97 0.84 0.86 0.96 0.85 0.97 0.85 0.83 0.97 0.91 0.84 0.83 0.89 0.86
0.92 0.85 0.96 0.95 0.96 0.96 0.84 0.86 0.95 0.85 0.96 0.85 0.83 0.96 0.91 0.84 0.83 0.89 0.86
0.92 0.84 0.96 0.96 0.96 0.96 0.83 0.86 0.96 0.85 0.96 0.85 0.83 0.96 0.91 0.83 0.83 0.89 0.86
0.92 0.84 0.97 0.96 0.96 0.97 0.83 0.85 0.96 0.84 0.96 0.84 0.82 0.97 0.92 0.83 0.82 0.88 0.85
0.91 0.97 0.84 0.84 0.83 0.83 0.97 0.94 0.84 0.97 0.86 0.97 0.95 0.81 0.74 0.98 0.98 0.95 0.97
0.92 0.94 0.86 0.86 0.86 0.85 0.94 0.93 0.86 0.94 0.88 0.94 0.93 0.84 0.77 0.94 0.94 0.94 0.94
0.92 0.85 0.96 0.95 0.96 0.96 0.84 0.86 0.96 0.85 0.96 0.85 0.83 0.96 0.91 0.84 0.83 0.89 0.86
0.92 0.97 0.85 0.85 0.85 0.84 0.97 0.94 0.85 0.97 0.87 0.97 0.95 0.83 0.76 0.98 0.98 0.96 0.97
0.94 0.87 0.97 0.96 0.96 0.96 0.86 0.88 0.96 0.87 0.98 0.87 0.86 0.95 0.88 0.86 0.86 0.91 0.89
0.92 0.97 0.85 0.85 0.85 0.84 0.97 0.94 0.85 0.97 0.87 0.98 0.95 0.83 0.76 0.98 0.98 0.96 0.97
0.90 0.95 0.83 0.83 0.83 0.82 0.95 0.93 0.83 0.95 0.86 0.95 0.95 0.81 0.74 0.96 0.96 0.93 0.95
0.90 0.82 0.97 0.96 0.96 0.97 0.81 0.84 0.96 0.83 0.95 0.83 0.81 0.98 0.93 0.81 0.81 0.87 0.84
0.83 0.75 0.91 0.91 0.91 0.92 0.74 0.77 0.91 0.76 0.88 0.76 0.74 0.93 1.00 0.74 0.74 0.79 0.77
0.91 0.97 0.84 0.84 0.83 0.83 0.98 0.94 0.84 0.98 0.86 0.98 0.96 0.81 0.74 1.00 1.00 0.95 0.97
0.91 0.97 0.83 0.83 0.83 0.82 0.98 0.94 0.83 0.98 0.86 0.98 0.96 0.81 0.74 1.00 1.00 0.94 0.97
0.96 0.96 0.89 0.89 0.89 0.88 0.95 0.94 0.89 0.96 0.91 0.96 0.93 0.87 0.79 0.95 0.94 1.00 0.97
0.94 0.97 0.86 0.86 0.86 0.85 0.97 0.94 0.86 0.97 0.89 0.97 0.95 0.84 0.77 0.97 0.97 0.97 1.00];
