P=[0.95 0.91 0.91 0.91 0.90 0.91 0.90 0.92 0.90 0.93 0.91 0.89 0.94 0.86 0.96 0.91 0.95 0.81
0.91 0.96 0.96 0.95 0.81 0.83 0.95 0.83 0.82 0.92 0.96 0.96 0.86 0.77 0.89 0.97 0.96 0.72
0.91 0.96 0.96 0.95 0.82 0.83 0.95 0.84 0.83 0.92 0.96 0.96 0.87 0.78 0.90 0.97 0.96 0.73
0.91 0.95 0.95 0.95 0.82 0.83 0.95 0.84 0.83 0.92 0.96 0.95 0.87 0.78 0.90 0.96 0.95 0.73
0.90 0.81 0.82 0.82 0.96 0.96 0.80 0.96 0.94 0.87 0.81 0.79 0.94 0.95 0.92 0.81 0.85 0.91
0.91 0.83 0.83 0.83 0.96 0.96 0.82 0.97 0.94 0.89 0.83 0.81 0.95 0.94 0.93 0.82 0.87 0.90
0.90 0.95 0.95 0.95 0.80 0.82 0.95 0.82 0.81 0.92 0.96 0.96 0.86 0.76 0.89 0.96 0.95 0.72
0.92 0.83 0.84 0.84 0.96 0.97 0.82 0.97 0.94 0.89 0.83 0.81 0.95 0.94 0.93 0.83 0.87 0.90
0.90 0.82 0.83 0.83 0.94 0.94 0.81 0.94 0.93 0.87 0.82 0.80 0.93 0.94 0.92 0.82 0.86 0.90
0.93 0.92 0.92 0.92 0.87 0.89 0.92 0.89 0.87 0.93 0.93 0.91 0.91 0.83 0.93 0.93 0.95 0.79
0.91 0.96 0.96 0.96 0.81 0.83 0.96 0.83 0.82 0.93 0.98 0.97 0.86 0.77 0.89 0.98 0.96 0.72
0.89 0.96 0.96 0.95 0.79 0.81 0.96 0.81 0.80 0.91 0.97 0.98 0.84 0.75 0.87 0.98 0.94 0.70
0.94 0.86 0.87 0.87 0.94 0.95 0.86 0.95 0.93 0.91 0.86 0.84 0.97 0.90 0.97 0.86 0.91 0.86
0.86 0.77 0.78 0.78 0.95 0.94 0.76 0.94 0.94 0.83 0.77 0.75 0.90 1.00 0.87 0.77 0.81 0.96
0.96 0.89 0.90 0.90 0.92 0.93 0.89 0.93 0.92 0.93 0.89 0.87 0.97 0.87 1.00 0.89 0.94 0.83
0.91 0.97 0.97 0.96 0.81 0.82 0.96 0.83 0.82 0.93 0.98 0.98 0.86 0.77 0.89 1.00 0.96 0.72
0.95 0.96 0.96 0.95 0.85 0.87 0.95 0.87 0.86 0.95 0.96 0.94 0.91 0.81 0.94 0.96 1.00 0.77
0.81 0.72 0.73 0.73 0.91 0.90 0.72 0.90 0.90 0.79 0.72 0.70 0.86 0.96 0.83 0.72 0.77 1.00];
