P=[0.96 0.93 0.94 0.93 0.93 0.93 0.94 0.92 0.94 0.95 0.94 0.97 0.94
0.93 0.97 0.87 0.97 0.88 0.96 0.88 0.96 0.97 0.96 0.96 0.93 0.98
0.94 0.87 0.97 0.87 0.96 0.86 0.97 0.86 0.88 0.90 0.88 0.94 0.88
0.93 0.97 0.87 0.97 0.87 0.97 0.88 0.96 0.97 0.96 0.96 0.93 0.98
0.93 0.88 0.96 0.87 0.96 0.87 0.96 0.87 0.89 0.90 0.89 0.94 0.88
0.93 0.96 0.86 0.97 0.87 0.97 0.88 0.96 0.97 0.95 0.96 0.93 0.97
0.94 0.88 0.97 0.88 0.96 0.88 0.97 0.88 0.89 0.91 0.90 0.95 0.89
0.92 0.96 0.86 0.96 0.87 0.96 0.88 0.96 0.97 0.95 0.95 0.92 0.97
0.94 0.97 0.88 0.97 0.89 0.97 0.89 0.97 0.99 0.97 0.97 0.94 0.99
0.95 0.96 0.90 0.96 0.90 0.95 0.91 0.95 0.97 0.97 0.96 0.96 0.97
0.94 0.96 0.88 0.96 0.89 0.96 0.90 0.95 0.97 0.96 0.97 0.94 0.97
0.97 0.93 0.94 0.93 0.94 0.93 0.95 0.92 0.94 0.96 0.94 1.00 0.94
0.94 0.98 0.88 0.98 0.88 0.97 0.89 0.97 0.99 0.97 0.97 0.94 1.00];
