P=[0.94 0.88 0.88 0.91 0.89 0.85 0.90 0.90 0.94 0.93 0.90 0.95 0.81 0.93 0.93 0.93
0.88 0.95 0.77 0.94 0.95 0.93 0.80 0.79 0.93 0.94 0.78 0.85 0.92 0.94 0.82 0.83
0.88 0.77 0.94 0.81 0.78 0.74 0.92 0.95 0.84 0.82 0.95 0.92 0.70 0.82 0.94 0.93
0.91 0.94 0.81 0.95 0.95 0.91 0.84 0.82 0.95 0.96 0.82 0.88 0.89 0.96 0.85 0.86
0.89 0.95 0.78 0.95 0.96 0.93 0.80 0.79 0.93 0.95 0.78 0.85 0.93 0.95 0.82 0.83
0.85 0.93 0.74 0.91 0.93 0.92 0.77 0.75 0.90 0.92 0.75 0.81 0.93 0.92 0.78 0.79
0.90 0.80 0.92 0.84 0.80 0.77 0.93 0.94 0.87 0.85 0.94 0.93 0.73 0.85 0.94 0.94
0.90 0.79 0.95 0.82 0.79 0.75 0.94 0.97 0.86 0.83 0.98 0.94 0.72 0.83 0.97 0.96
0.94 0.93 0.84 0.95 0.93 0.90 0.87 0.86 0.97 0.97 0.85 0.91 0.86 0.97 0.89 0.89
0.93 0.94 0.82 0.96 0.95 0.92 0.85 0.83 0.97 0.99 0.83 0.89 0.88 0.99 0.86 0.87
0.90 0.78 0.95 0.82 0.78 0.75 0.94 0.98 0.85 0.83 0.99 0.94 0.71 0.83 0.97 0.96
0.95 0.85 0.92 0.88 0.85 0.81 0.93 0.94 0.91 0.89 0.94 1.00 0.77 0.89 0.97 0.98
0.81 0.92 0.70 0.89 0.93 0.93 0.73 0.72 0.86 0.88 0.71 0.77 1.00 0.88 0.75 0.75
0.93 0.94 0.82 0.96 0.95 0.92 0.85 0.83 0.97 0.99 0.83 0.89 0.88 1.00 0.86 0.87
0.93 0.82 0.94 0.85 0.82 0.78 0.94 0.97 0.89 0.86 0.97 0.97 0.75 0.86 1.00 0.99
0.93 0.83 0.93 0.86 0.83 0.79 0.94 0.96 0.89 0.87 0.96 0.98 0.75 0.87 0.99 1.00];
