P=[0.96 0.94 0.93 0.92 0.93 0.93 0.94 0.95 0.93 0.94 0.94 0.94 0.91 0.91 0.95 0.93 0.87 0.88 0.87
0.94 0.96 0.96 0.86 0.96 0.88 0.97 0.96 0.97 0.97 0.97 0.97 0.85 0.85 0.90 0.97 0.93 0.94 0.93
0.93 0.96 0.96 0.86 0.96 0.88 0.97 0.96 0.97 0.97 0.97 0.97 0.85 0.85 0.89 0.97 0.94 0.95 0.93
0.92 0.86 0.86 0.96 0.85 0.96 0.86 0.87 0.85 0.86 0.86 0.86 0.97 0.97 0.96 0.85 0.79 0.80 0.79
0.93 0.96 0.96 0.85 0.96 0.87 0.96 0.96 0.97 0.96 0.96 0.96 0.84 0.85 0.89 0.96 0.94 0.95 0.94
0.93 0.88 0.88 0.96 0.87 0.95 0.88 0.89 0.88 0.88 0.88 0.88 0.96 0.96 0.96 0.87 0.81 0.82 0.81
0.94 0.97 0.97 0.86 0.96 0.88 0.97 0.97 0.97 0.97 0.97 0.97 0.85 0.85 0.90 0.97 0.93 0.94 0.93
0.95 0.96 0.96 0.87 0.96 0.89 0.97 0.97 0.97 0.97 0.97 0.97 0.86 0.86 0.91 0.97 0.92 0.93 0.92
0.93 0.97 0.97 0.85 0.97 0.88 0.97 0.97 0.97 0.97 0.97 0.97 0.85 0.85 0.89 0.97 0.94 0.95 0.94
0.94 0.97 0.97 0.86 0.96 0.88 0.97 0.97 0.97 0.97 0.97 0.97 0.85 0.85 0.90 0.97 0.93 0.94 0.93
0.94 0.97 0.97 0.86 0.96 0.88 0.97 0.97 0.97 0.97 0.97 0.97 0.86 0.86 0.90 0.97 0.93 0.94 0.93
0.94 0.97 0.97 0.86 0.96 0.88 0.97 0.97 0.97 0.97 0.97 0.97 0.85 0.85 0.89 0.97 0.93 0.94 0.93
0.91 0.85 0.85 0.97 0.84 0.96 0.85 0.86 0.85 0.85 0.86 0.85 0.98 0.97 0.95 0.84 0.78 0.79 0.78
0.91 0.85 0.85 0.97 0.85 0.96 0.85 0.86 0.85 0.85 0.86 0.85 0.97 0.98 0.96 0.85 0.78 0.79 0.78
0.95 0.90 0.89 0.96 0.89 0.96 0.90 0.91 0.89 0.90 0.90 0.89 0.95 0.96 0.98 0.89 0.83 0.84 0.83
0.93 0.97 0.97 0.85 0.96 0.87 0.97 0.97 0.97 0.97 0.97 0.97 0.84 0.85 0.89 0.97 0.94 0.95 0.94
0.87 0.93 0.94 0.79 0.94 0.81 0.93 0.92 0.94 0.93 0.93 0.93 0.78 0.78 0.83 0.94 1.00 0.99 1.00
0.88 0.94 0.95 0.80 0.95 0.82 0.94 0.93 0.95 0.94 0.94 0.94 0.79 0.79 0.84 0.95 0.99 1.00 0.99
0.87 0.93 0.93 0.79 0.94 0.81 0.93 0.92 0.94 0.93 0.93 0.93 0.78 0.78 0.83 0.94 1.00 0.99 1.00];
