P=[0.96 0.92 0.93 0.92 0.93 0.93 0.94 0.93 0.92 0.93 0.90 0.91 0.92 0.90 0.90 0.88 0.94
0.92 0.96 0.86 0.95 0.86 0.86 0.96 0.86 0.85 0.97 0.96 0.83 0.86 0.95 0.95 0.94 0.97
0.93 0.86 0.96 0.85 0.96 0.96 0.87 0.96 0.96 0.86 0.83 0.96 0.95 0.83 0.83 0.80 0.87
0.92 0.95 0.85 0.95 0.86 0.86 0.96 0.86 0.85 0.96 0.96 0.83 0.86 0.95 0.95 0.94 0.96
0.93 0.86 0.96 0.86 0.96 0.96 0.88 0.96 0.96 0.87 0.84 0.95 0.95 0.84 0.83 0.81 0.88
0.93 0.86 0.96 0.86 0.96 0.96 0.88 0.96 0.96 0.87 0.84 0.95 0.95 0.84 0.83 0.81 0.88
0.94 0.96 0.87 0.96 0.88 0.88 0.97 0.88 0.87 0.97 0.95 0.85 0.87 0.95 0.95 0.93 0.98
0.93 0.86 0.96 0.86 0.96 0.96 0.88 0.96 0.96 0.87 0.84 0.95 0.95 0.84 0.83 0.81 0.88
0.92 0.85 0.96 0.85 0.96 0.96 0.87 0.96 0.97 0.86 0.83 0.96 0.96 0.83 0.82 0.80 0.87
0.93 0.97 0.86 0.96 0.87 0.87 0.97 0.87 0.86 0.98 0.96 0.84 0.86 0.96 0.96 0.94 0.98
0.90 0.96 0.83 0.96 0.84 0.84 0.95 0.84 0.83 0.96 0.96 0.81 0.84 0.96 0.96 0.96 0.96
0.91 0.83 0.96 0.83 0.95 0.95 0.85 0.95 0.96 0.84 0.81 0.96 0.95 0.81 0.80 0.78 0.85
0.92 0.86 0.95 0.86 0.95 0.95 0.87 0.95 0.96 0.86 0.84 0.95 0.95 0.84 0.83 0.81 0.88
0.90 0.95 0.83 0.95 0.84 0.84 0.95 0.84 0.83 0.96 0.96 0.81 0.84 0.96 0.96 0.96 0.95
0.90 0.95 0.83 0.95 0.83 0.83 0.95 0.83 0.82 0.96 0.96 0.80 0.83 0.96 0.97 0.96 0.95
0.88 0.94 0.80 0.94 0.81 0.81 0.93 0.81 0.80 0.94 0.96 0.78 0.81 0.96 0.96 0.97 0.93
0.94 0.97 0.87 0.96 0.88 0.88 0.98 0.88 0.87 0.98 0.96 0.85 0.88 0.95 0.95 0.93 1.00];
