T=[19.2	1
60	2
56	3
21.85	4
20.8	5
18.5	6
38	7
54	8
40	9
53	10
53	11
34.5	12
14.2	13
50.5	14
24.1	15
63.8	16
69	17
38.8	18
63.9	19
95	20
85	21
73.5	22
39.7	23
10.35	24
12.2	25
24.5	26
32.8	27
7	28
11.3	29
12.75	30
21.5	31
13	32
25	33
42.2	34
62	35
30.2	36
46	37
60.75	38
48	39
33	40
52.4	41
19	42
64.6	43
28.3	44
48	45
54.75	46
56	47
22	48
7	49
30	50
13.2	51
17	52
2	53
45.5	54
35	55
20	56
20.9	57
19.5	58
25	59
11.5	60
29.25	61
12	62
14.2	63
8.4	64
17	65
36.5	66
11	67
12.5	68
36	69];

