M=[0	0.824621125123532	0.812403840463596	0.854400374531753	0.8	0.848528137423857	0.877496438739212	0.842614977317636	0.854400374531753	0.860232526704263	0.836660026534076	0.836660026534076	0.836660026534076	0.866025403784439	0.848528137423857	0.830662386291807	0.871779788708135	0.848528137423857	0.842614977317636	0.883176086632785	0.830662386291807	0.866025403784439	0.806225774829855	0.860232526704263
0.824621125123532	0	0.848528137423857	0.848528137423857	0.860232526704263	0.848528137423857	0.877496438739212	0.854400374531753	0.824621125123532	0.92736184954957	0.848528137423857	0.836660026534076	0.842614977317636	0.854400374531753	0.877496438739212	0.866025403784439	0.871779788708135	0.877496438739212	0.888819441731559	0.854400374531753	0.871779788708135	0.8	0.848528137423857	0.866025403784439
0.812403840463596	0.848528137423857	0	0.871779788708135	0.860232526704263	0.824621125123532	0.92736184954957	0.871779788708135	0.866025403784439	0.842614977317636	0.818535277187245	0.860232526704263	0.781024967590665	0.866025403784439	0.836660026534076	0.854400374531753	0.860232526704263	0.806225774829855	0.818535277187245	0.888819441731559	0.8	0.871779788708135	0.866025403784439	0.877496438739212
0.854400374531753	0.848528137423857	0.871779788708135	0	0.860232526704263	0.860232526704263	0.806225774829855	0.9	0.848528137423857	0.860232526704263	0.91104335791443	0.866025403784439	0.883176086632785	0.848528137423857	0.866025403784439	0.848528137423857	0.871779788708135	0.842614977317636	0.830662386291807	0.866025403784439	0.812403840463596	0.830662386291807	0.842614977317636	0.818535277187245
0.8	0.860232526704263	0.860232526704263	0.860232526704263	0	0.9	0.854400374531753	0.866025403784439	0.842614977317636	0.877496438739212	0.860232526704263	0.894427190999916	0.905538513813742	0.806225774829855	0.854400374531753	0.824621125123532	0.830662386291807	0.877496438739212	0.871779788708135	0.871779788708135	0.842614977317636	0.836660026534076	0.854400374531753	0.854400374531753
0.848528137423857	0.848528137423857	0.824621125123532	0.860232526704263	0.9	0	0.848528137423857	0.9	0.830662386291807	0.806225774829855	0.877496438739212	0.877496438739212	0.848528137423857	0.842614977317636	0.830662386291807	0.866025403784439	0.824621125123532	0.836660026534076	0.848528137423857	0.854400374531753	0.830662386291807	0.848528137423857	0.818535277187245	0.877496438739212
0.877496438739212	0.877496438739212	0.92736184954957	0.806225774829855	0.854400374531753	0.848528137423857	0	0.860232526704263	0.860232526704263	0.877496438739212	0.854400374531753	0.9	0.871779788708135	0.854400374531753	0.842614977317636	0.836660026534076	0.860232526704263	0.848528137423857	0.871779788708135	0.854400374531753	0.866025403784439	0.871779788708135	0.824621125123532	0.854400374531753
0.842614977317636	0.854400374531753	0.871779788708135	0.9	0.866025403784439	0.9	0.860232526704263	0	0.836660026534076	0.848528137423857	0.866025403784439	0.836660026534076	0.866025403784439	0.871779788708135	0.830662386291807	0.888819441731559	0.824621125123532	0.883176086632785	0.866025403784439	0.787400787401181	0.871779788708135	0.883176086632785	0.836660026534076	0.860232526704263
0.854400374531753	0.824621125123532	0.866025403784439	0.848528137423857	0.842614977317636	0.830662386291807	0.860232526704263	0.836660026534076	0	0.854400374531753	0.848528137423857	0.871779788708135	0.836660026534076	0.836660026534076	0.877496438739212	0.894427190999916	0.824621125123532	0.824621125123532	0.871779788708135	0.793725393319377	0.854400374531753	0.883176086632785	0.866025403784439	0.812403840463596
0.860232526704263	0.92736184954957	0.842614977317636	0.860232526704263	0.877496438739212	0.806225774829855	0.877496438739212	0.848528137423857	0.854400374531753	0	0.866025403784439	0.806225774829855	0.818535277187245	0.854400374531753	0.836660026534076	0.836660026534076	0.871779788708135	0.830662386291807	0.818535277187245	0.866025403784439	0.866025403784439	0.854400374531753	0.871779788708135	0.793725393319377
0.836660026534076	0.848528137423857	0.818535277187245	0.91104335791443	0.860232526704263	0.877496438739212	0.854400374531753	0.866025403784439	0.848528137423857	0.866025403784439	0	0.877496438739212	0.824621125123532	0.818535277187245	0.812403840463596	0.877496438739212	0.806225774829855	0.836660026534076	0.860232526704263	0.824621125123532	0.806225774829855	0.854400374531753	0.818535277187245	0.877496438739212
0.836660026534076	0.836660026534076	0.860232526704263	0.866025403784439	0.894427190999916	0.877496438739212	0.9	0.836660026534076	0.871779788708135	0.806225774829855	0.877496438739212	0	0.854400374531753	0.842614977317636	0.854400374531753	0.854400374531753	0.871779788708135	0.860232526704263	0.866025403784439	0.888819441731559	0.824621125123532	0.830662386291807	0.854400374531753	0.830662386291807
0.836660026534076	0.842614977317636	0.781024967590665	0.883176086632785	0.905538513813742	0.848528137423857	0.871779788708135	0.866025403784439	0.836660026534076	0.818535277187245	0.824621125123532	0.854400374531753	0	0.854400374531753	0.818535277187245	0.842614977317636	0.842614977317636	0.842614977317636	0.824621125123532	0.860232526704263	0.830662386291807	0.854400374531753	0.871779788708135	0.842614977317636
0.866025403784439	0.854400374531753	0.866025403784439	0.848528137423857	0.806225774829855	0.842614977317636	0.854400374531753	0.871779788708135	0.836660026534076	0.854400374531753	0.818535277187245	0.842614977317636	0.854400374531753	0	0.848528137423857	0.848528137423857	0.866025403784439	0.836660026534076	0.848528137423857	0.888819441731559	0.793725393319377	0.860232526704263	0.854400374531753	0.812403840463596
0.848528137423857	0.877496438739212	0.836660026534076	0.866025403784439	0.854400374531753	0.830662386291807	0.842614977317636	0.830662386291807	0.877496438739212	0.836660026534076	0.812403840463596	0.854400374531753	0.818535277187245	0.848528137423857	0	0.812403840463596	0.854400374531753	0.854400374531753	0.888819441731559	0.877496438739212	0.812403840463596	0.854400374531753	0.842614977317636	0.894427190999916
0.830662386291807	0.866025403784439	0.854400374531753	0.848528137423857	0.824621125123532	0.866025403784439	0.836660026534076	0.888819441731559	0.894427190999916	0.836660026534076	0.877496438739212	0.854400374531753	0.842614977317636	0.848528137423857	0.812403840463596	0	0.842614977317636	0.824621125123532	0.824621125123532	0.888819441731559	0.842614977317636	0.888819441731559	0.836660026534076	0.8
0.871779788708135	0.871779788708135	0.860232526704263	0.871779788708135	0.830662386291807	0.824621125123532	0.860232526704263	0.824621125123532	0.824621125123532	0.871779788708135	0.806225774829855	0.871779788708135	0.842614977317636	0.866025403784439	0.854400374531753	0.842614977317636	0	0.824621125123532	0.818535277187245	0.824621125123532	0.806225774829855	0.860232526704263	0.830662386291807	0.883176086632785
0.848528137423857	0.877496438739212	0.806225774829855	0.842614977317636	0.877496438739212	0.836660026534076	0.848528137423857	0.883176086632785	0.824621125123532	0.830662386291807	0.836660026534076	0.860232526704263	0.842614977317636	0.836660026534076	0.854400374531753	0.824621125123532	0.824621125123532	0	0.842614977317636	0.842614977317636	0.818535277187245	0.866025403784439	0.830662386291807	0.871779788708135
0.842614977317636	0.888819441731559	0.818535277187245	0.830662386291807	0.871779788708135	0.848528137423857	0.871779788708135	0.866025403784439	0.871779788708135	0.818535277187245	0.860232526704263	0.866025403784439	0.824621125123532	0.848528137423857	0.888819441731559	0.824621125123532	0.818535277187245	0.842614977317636	0	0.894427190999916	0.818535277187245	0.888819441731559	0.812403840463596	0.793725393319377
