CA=[23.99
101.18
15.49
17.65
17.29
38.34
35.74
37.56
39.9
26.92
38.94
43.34
45.08
54.99
45.04
41.02
65.85
28.45
34.33
55.63
56.5
48.7
47.24
45.74
56.16
62.02
56.67
121.39
72.12
97.75
78.59
79.05
28.06
35.97
46.01
37.58
34.3
35.08
30.77
36.53];

