CA=[22.05	23.63	20.5	19.77	20.06	20.35	19.61	19.38	23.88	19.6	19.85	23.2	23.16	19.8	23.46	23.01	23.11	0	0
27.97	25.84	26.22	25.99	26.05	26.12	26.17	24.82	29.88	29.64	25.57	25.46	29.54	25.81	26.99	30.31	27.83	0	0
21.99	24.1	23.79	19.98	20.11	20.64	23.33	24.04	21.17	21.67	22.03	23.61	23.82	23.25	20.85	19.89	19.29	23.33	0
30.02	31.56	27.87	31.67	27.91	28.77	28.59	28.02	27.31	32.06	28.44	27.73	31.66	28.1	27.71	0	0	0	0
23.97	22.15	22.27	21.83	26.14	25.22	25.38	21.9	25.95	22	26.38	21.98	20.89	26.04	25.72	22.57	21.78	24.85	22.65
25.99	23.71	23.63	24.26	23.91	23.8	27.69	24.15	23.92	28.9	27.74	27.87	23.91	27.99	22.64	23.4	0	0	0
24.04	25.99	22.37	21.94	25.96	22.14	25.95	21.9	24.98	24.85	20.63	22.38	21.75	22.37	21.48	24.34	26.56	26.7	0
19.97	22	23.69	19.53	23.9	24.21	19.06	24.06	24.4	24.46	18.15	24.16	19.5	18.95	20.38	17.25	24.9	20.17	0
20.01	20.97	21.97	18.13	21.96	17.97	21.9	18.44	17.65	17.8	21.37	17.98	18.28	17.68	18.46	21.19	0	0	0
24.02	25.96	21.84	22.58	21.66	25.93	22.14	26.25	22.34	21.83	26.15	22.84	20.36	24.31	28.03	25.1	23.7	24.3	22.76
23.9	24.16	25.99	28.85	23.24	28.29	27.8	24.28	28.37	23.96	23.04	24.36	23.94	28.8	24.92	24.62	27.91	0	0
24.02	25.83	22.11	22.36	21.96	21.93	25.78	26.02	26.1	21.35	25.76	25.89	20.53	26.64	21.13	21.37	22.41	0	0
25.95	28.4	24.05	24.12	23.92	23.86	24.2	24.44	28.67	24.09	23.9	27.75	21.9	23.84	27.29	24.04	22.25	28.62	21.92
16.03	17.68	13.76	13.09	17.25	18	18.26	17.39	13.78	14.48	14.65	15.1	14.68	18.09	12.31	16.84	0	0	0
26	23.81	24.01	23.98	27.88	24.9	24.41	27.53	24.27	27.77	23.78	24.32	26.07	0	0	0	0	0	0];

