A=[0.00000000 1.00000000
0.01010101 1.00000000
0.02020202 1.00000000
0.03030303 1.00000000
0.04040404 1.00000000
0.05050505 1.00000000
0.06060606 1.00000000
0.07070707 1.00000000
0.08080808 1.00000000
0.09090909 1.00000000
0.10101010 0.99257426
0.11111111 0.98762376
0.12121212 0.97524752
0.13131313 0.97029703
0.14141414 0.96039604
0.15151515 0.95792079
0.16161616 0.95297030
0.17171717 0.94306931
0.18181818 0.93811881
0.19191919 0.93316832
0.20202020 0.92079208
0.21212121 0.91584158
0.22222222 0.90841584
0.23232323 0.89603960
0.24242424 0.88861386
0.25252525 0.88118812
0.26262626 0.87128713
0.27272727 0.85148515
0.28282828 0.84653465
0.29292929 0.84653465
0.30303030 0.83168317
0.31313131 0.82178218
0.32323232 0.81188119
0.33333333 0.80693069
0.34343434 0.79950495
0.35353535 0.79950495
0.36363636 0.79455446
0.37373737 0.77970297
0.38383838 0.77475248
0.39393939 0.76732673
0.40404040 0.76237624
0.41414141 0.74009901
0.42424242 0.72029703
0.43434343 0.71039604
0.44444444 0.68316832
0.45454545 0.67326733
0.46464646 0.66089109
0.47474747 0.64603960
0.48484848 0.63613861
0.49494949 0.62871287
0.50505051 0.61386139
0.51515152 0.59900990
0.52525253 0.59405941
0.53535354 0.57920792
0.54545455 0.57425743
0.55555556 0.56188119
0.56565657 0.55198020
0.57575758 0.54207921
0.58585859 0.52970297
0.59595960 0.52227723
0.60606061 0.50495050
0.61616162 0.49257426
0.62626263 0.47524752
0.63636364 0.45792079
0.64646465 0.44801980
0.65656566 0.44059406
0.66666667 0.43316832
0.67676768 0.41089109
0.68686869 0.39603960
0.69696970 0.38366337
0.70707071 0.36386139
0.71717172 0.36138614
0.72727273 0.34900990
0.73737374 0.33663366
0.74747475 0.31683168
0.75757576 0.29702970
0.76767677 0.27970297
0.77777778 0.27722772
0.78787879 0.26732673
0.79797980 0.25495050
0.80808081 0.24752475
0.81818182 0.23019802
0.82828283 0.22277228
0.83838384 0.21039604
0.84848485 0.19801980
0.85858586 0.18069307
0.86868687 0.16089109
0.87878788 0.14851485
0.88888889 0.14108911
0.89898990 0.12871287
0.90909091 0.12128713
0.91919192 0.11138614
0.92929293 0.09900990
0.93939394 0.08168317
0.94949495 0.07425743
0.95959596 0.06188119
0.96969697 0.04950495
0.97979798 0.03217822
0.98989899 0.01237624
1.00000000 0.00000000];
