P=[0.96 0.93 0.93 0.92 0.92 0.92 0.93 0.92 0.90 0.92 0.91 0.93 0.93 0.93 0.97 0.94 0.94 0.94 0.93
0.93 0.95 0.87 0.95 0.86 0.96 0.87 0.95 0.94 0.85 0.85 0.96 0.87 0.86 0.94 0.89 0.97 0.97 0.87
0.93 0.87 0.96 0.86 0.96 0.86 0.96 0.86 0.84 0.96 0.95 0.88 0.96 0.96 0.93 0.95 0.88 0.89 0.97
0.92 0.95 0.86 0.96 0.85 0.96 0.86 0.96 0.95 0.84 0.83 0.96 0.85 0.85 0.93 0.87 0.96 0.96 0.85
0.92 0.86 0.96 0.85 0.96 0.85 0.96 0.85 0.83 0.97 0.96 0.87 0.96 0.97 0.91 0.95 0.87 0.88 0.97
0.92 0.96 0.86 0.96 0.85 0.97 0.86 0.96 0.95 0.84 0.83 0.97 0.85 0.85 0.93 0.87 0.97 0.97 0.85
0.93 0.87 0.96 0.86 0.96 0.86 0.96 0.86 0.84 0.96 0.96 0.87 0.96 0.97 0.92 0.96 0.88 0.89 0.97
0.92 0.95 0.86 0.96 0.85 0.96 0.86 0.96 0.94 0.84 0.83 0.96 0.86 0.85 0.93 0.87 0.97 0.96 0.85
0.90 0.94 0.84 0.95 0.83 0.95 0.84 0.94 0.94 0.82 0.82 0.94 0.84 0.84 0.91 0.86 0.94 0.94 0.84
0.92 0.85 0.96 0.84 0.97 0.84 0.96 0.84 0.82 0.98 0.97 0.85 0.97 0.97 0.90 0.95 0.86 0.86 0.98
0.91 0.85 0.95 0.83 0.96 0.83 0.96 0.83 0.82 0.97 0.97 0.85 0.96 0.96 0.90 0.95 0.86 0.86 0.98
0.93 0.96 0.88 0.96 0.87 0.97 0.87 0.96 0.94 0.85 0.85 0.98 0.87 0.87 0.95 0.89 0.98 0.98 0.87
0.93 0.87 0.96 0.85 0.96 0.85 0.96 0.86 0.84 0.97 0.96 0.87 0.97 0.97 0.92 0.96 0.88 0.88 0.97
0.93 0.86 0.96 0.85 0.97 0.85 0.97 0.85 0.84 0.97 0.96 0.87 0.97 0.97 0.92 0.96 0.87 0.88 0.98
0.97 0.94 0.93 0.93 0.91 0.93 0.92 0.93 0.91 0.90 0.90 0.95 0.92 0.92 0.98 0.94 0.96 0.96 0.92
0.94 0.89 0.95 0.87 0.95 0.87 0.96 0.87 0.86 0.95 0.95 0.89 0.96 0.96 0.94 0.96 0.89 0.90 0.96
0.94 0.97 0.88 0.96 0.87 0.97 0.88 0.97 0.94 0.86 0.86 0.98 0.88 0.87 0.96 0.89 1.00 0.99 0.88
0.94 0.97 0.89 0.96 0.88 0.97 0.89 0.96 0.94 0.86 0.86 0.98 0.88 0.88 0.96 0.90 0.99 1.00 0.88
0.93 0.87 0.97 0.85 0.97 0.85 0.97 0.85 0.84 0.98 0.98 0.87 0.97 0.98 0.92 0.96 0.88 0.88 1.00];
