P=[0.96 0.91 0.92 0.92 0.93 0.93 0.92 0.91 0.93 0.94 0.91 0.92 0.92 0.93 0.95 0.96 0.86 0.93
0.91 0.96 0.96 0.96 0.85 0.95 0.84 0.96 0.96 0.86 0.83 0.95 0.83 0.85 0.86 0.94 0.95 0.84
0.92 0.96 0.96 0.95 0.86 0.96 0.86 0.96 0.96 0.87 0.84 0.95 0.85 0.86 0.88 0.95 0.94 0.86
0.92 0.96 0.95 0.95 0.86 0.95 0.85 0.96 0.95 0.86 0.84 0.95 0.84 0.86 0.87 0.95 0.94 0.85
0.93 0.85 0.86 0.86 0.97 0.87 0.96 0.85 0.88 0.97 0.94 0.86 0.96 0.98 0.97 0.91 0.80 0.97
0.93 0.95 0.96 0.95 0.87 0.95 0.86 0.96 0.96 0.88 0.85 0.94 0.85 0.87 0.89 0.95 0.93 0.86
0.92 0.84 0.86 0.85 0.96 0.86 0.95 0.85 0.87 0.96 0.94 0.85 0.96 0.97 0.96 0.90 0.79 0.97
0.91 0.96 0.96 0.96 0.85 0.96 0.85 0.97 0.96 0.86 0.83 0.95 0.83 0.85 0.87 0.94 0.95 0.85
0.93 0.96 0.96 0.95 0.88 0.96 0.87 0.96 0.96 0.88 0.86 0.95 0.86 0.87 0.89 0.95 0.92 0.87
0.94 0.86 0.87 0.86 0.97 0.88 0.96 0.86 0.88 0.97 0.94 0.86 0.97 0.98 0.98 0.92 0.81 0.98
0.91 0.83 0.84 0.84 0.94 0.85 0.94 0.83 0.86 0.94 0.94 0.84 0.95 0.95 0.95 0.89 0.78 0.95
0.92 0.95 0.95 0.95 0.86 0.94 0.85 0.95 0.95 0.86 0.84 0.95 0.84 0.85 0.87 0.95 0.94 0.85
0.92 0.83 0.85 0.84 0.96 0.85 0.96 0.83 0.86 0.97 0.95 0.84 0.97 0.97 0.97 0.89 0.78 0.97
0.93 0.85 0.86 0.86 0.98 0.87 0.97 0.85 0.87 0.98 0.95 0.85 0.97 1.00 0.98 0.91 0.80 1.00
0.95 0.86 0.88 0.87 0.97 0.89 0.96 0.87 0.89 0.98 0.95 0.87 0.97 0.98 1.00 0.92 0.81 0.98
0.96 0.94 0.95 0.95 0.91 0.95 0.90 0.94 0.95 0.92 0.89 0.95 0.89 0.91 0.92 1.00 0.89 0.90
0.86 0.95 0.94 0.94 0.80 0.93 0.79 0.95 0.92 0.81 0.78 0.94 0.78 0.80 0.81 0.89 1.00 0.79
0.93 0.84 0.86 0.85 0.97 0.86 0.97 0.85 0.87 0.98 0.95 0.85 0.97 1.00 0.98 0.90 0.79 1.00];
