P=[0.95 0.91 0.91 0.92 0.91 0.90 0.92 0.92 0.93 0.92 0.96 0.96 0.87 0.93 0.96 0.91
0.91 0.95 0.95 0.83 0.83 0.95 0.95 0.84 0.86 0.85 0.94 0.89 0.94 0.93 0.94 0.82
0.91 0.95 0.95 0.84 0.83 0.95 0.95 0.85 0.86 0.85 0.94 0.90 0.94 0.93 0.94 0.83
0.92 0.83 0.84 0.97 0.96 0.82 0.84 0.95 0.96 0.96 0.89 0.94 0.79 0.88 0.89 0.97
0.91 0.83 0.83 0.96 0.96 0.82 0.84 0.95 0.95 0.96 0.89 0.93 0.79 0.87 0.89 0.97
0.90 0.95 0.95 0.82 0.82 0.95 0.95 0.84 0.85 0.84 0.93 0.89 0.94 0.92 0.94 0.81
0.92 0.95 0.95 0.84 0.84 0.95 0.96 0.85 0.86 0.85 0.94 0.90 0.94 0.94 0.95 0.83
0.92 0.84 0.85 0.95 0.95 0.84 0.85 0.95 0.95 0.95 0.90 0.93 0.80 0.88 0.90 0.96
0.93 0.86 0.86 0.96 0.95 0.85 0.86 0.95 0.96 0.96 0.91 0.95 0.81 0.90 0.91 0.96
0.92 0.85 0.85 0.96 0.96 0.84 0.85 0.95 0.96 0.96 0.90 0.94 0.80 0.89 0.90 0.96
0.96 0.94 0.94 0.89 0.89 0.93 0.94 0.90 0.91 0.90 0.97 0.95 0.90 0.94 0.98 0.88
0.96 0.89 0.90 0.94 0.93 0.89 0.90 0.93 0.95 0.94 0.95 0.97 0.85 0.92 0.95 0.93
0.87 0.94 0.94 0.79 0.79 0.94 0.94 0.80 0.81 0.80 0.90 0.85 0.97 0.91 0.90 0.78
0.93 0.93 0.93 0.88 0.87 0.92 0.94 0.88 0.90 0.89 0.94 0.92 0.91 0.94 0.94 0.86
0.96 0.94 0.94 0.89 0.89 0.94 0.95 0.90 0.91 0.90 0.98 0.95 0.90 0.94 1.00 0.88
0.91 0.82 0.83 0.97 0.97 0.81 0.83 0.96 0.96 0.96 0.88 0.93 0.78 0.86 0.88 1.00];
