P=[0.96 0.92 0.93 0.92 0.94 0.93 0.94 0.90 0.93 0.94 0.89 0.93 0.91 0.93 0.93 0.94
0.92 0.97 0.97 0.97 0.97 0.97 0.87 0.83 0.97 0.97 0.96 0.87 0.98 0.86 0.98 0.86
0.93 0.97 0.97 0.97 0.97 0.97 0.87 0.83 0.97 0.97 0.96 0.87 0.97 0.86 0.98 0.87
0.92 0.97 0.97 0.97 0.96 0.97 0.87 0.83 0.97 0.97 0.96 0.86 0.98 0.86 0.97 0.86
0.94 0.97 0.97 0.96 0.97 0.97 0.89 0.85 0.97 0.97 0.95 0.88 0.97 0.88 0.98 0.88
0.93 0.97 0.97 0.97 0.97 0.98 0.88 0.84 0.98 0.98 0.96 0.87 0.98 0.87 0.99 0.87
0.94 0.87 0.87 0.87 0.89 0.88 0.98 0.96 0.88 0.88 0.83 0.96 0.86 0.99 0.87 0.99
0.90 0.83 0.83 0.83 0.85 0.84 0.96 0.97 0.84 0.84 0.79 0.95 0.82 0.96 0.83 0.96
0.93 0.97 0.97 0.97 0.97 0.98 0.88 0.84 0.98 0.98 0.96 0.87 0.98 0.86 0.99 0.87
0.94 0.97 0.97 0.97 0.97 0.98 0.88 0.84 0.98 0.98 0.95 0.88 0.97 0.87 0.98 0.88
0.89 0.96 0.96 0.96 0.95 0.96 0.83 0.79 0.96 0.95 1.00 0.83 0.97 0.82 0.96 0.83
0.93 0.87 0.87 0.86 0.88 0.87 0.96 0.95 0.87 0.88 0.83 0.96 0.86 0.96 0.87 0.96
0.91 0.98 0.97 0.98 0.97 0.98 0.86 0.82 0.98 0.97 0.97 0.86 1.00 0.85 0.98 0.85
0.93 0.86 0.86 0.86 0.88 0.87 0.99 0.96 0.86 0.87 0.82 0.96 0.85 1.00 0.86 1.00
0.93 0.98 0.98 0.97 0.98 0.99 0.87 0.83 0.99 0.98 0.96 0.87 0.98 0.86 1.00 0.87
0.94 0.86 0.87 0.86 0.88 0.87 0.99 0.96 0.87 0.88 0.83 0.96 0.85 1.00 0.87 1.00];
