P=[0.95 0.91 0.91 0.91 0.90 0.90 0.92 0.92 0.92 0.91 0.93 0.90 0.94 0.94 0.95 0.93
0.91 0.96 0.83 0.83 0.96 0.95 0.84 0.96 0.96 0.97 0.95 0.96 0.87 0.86 0.87 0.97
0.91 0.83 0.95 0.95 0.82 0.83 0.96 0.84 0.85 0.83 0.85 0.82 0.94 0.96 0.96 0.85
0.91 0.83 0.95 0.96 0.82 0.83 0.97 0.84 0.85 0.83 0.85 0.82 0.95 0.96 0.96 0.85
0.90 0.96 0.82 0.82 0.97 0.96 0.82 0.97 0.96 0.97 0.95 0.97 0.86 0.84 0.85 0.96
0.90 0.95 0.83 0.83 0.96 0.95 0.83 0.96 0.95 0.96 0.95 0.96 0.87 0.85 0.86 0.95
0.92 0.84 0.96 0.97 0.82 0.83 0.97 0.84 0.85 0.84 0.85 0.82 0.95 0.97 0.97 0.86
0.92 0.96 0.84 0.84 0.97 0.96 0.84 0.97 0.97 0.97 0.96 0.96 0.88 0.86 0.87 0.97
0.92 0.96 0.85 0.85 0.96 0.95 0.85 0.97 0.97 0.97 0.96 0.96 0.89 0.87 0.88 0.98
0.91 0.97 0.83 0.83 0.97 0.96 0.84 0.97 0.97 0.98 0.96 0.97 0.87 0.86 0.87 0.98
0.93 0.95 0.85 0.85 0.95 0.95 0.85 0.96 0.96 0.96 0.96 0.95 0.89 0.88 0.88 0.97
0.90 0.96 0.82 0.82 0.97 0.96 0.82 0.96 0.96 0.97 0.95 0.96 0.86 0.85 0.85 0.96
0.94 0.87 0.94 0.95 0.86 0.87 0.95 0.88 0.89 0.87 0.89 0.86 0.96 0.96 0.97 0.90
0.94 0.86 0.96 0.96 0.84 0.85 0.97 0.86 0.87 0.86 0.88 0.85 0.96 0.98 0.98 0.88
0.95 0.87 0.96 0.96 0.85 0.86 0.97 0.87 0.88 0.87 0.88 0.85 0.97 0.98 1.00 0.89
0.93 0.97 0.85 0.85 0.96 0.95 0.86 0.97 0.98 0.98 0.97 0.96 0.90 0.88 0.89 1.00];
