P=[0.96 0.92 0.92 0.92 0.92 0.93 0.93 0.93 0.93 0.96 0.95 0.90 0.92 0.95 0.95 0.97 0.97 0.95
0.92 0.96 0.96 0.84 0.84 0.85 0.86 0.85 0.94 0.95 0.87 0.96 0.97 0.96 0.87 0.92 0.93 0.87
0.92 0.96 0.96 0.85 0.85 0.86 0.87 0.86 0.94 0.95 0.88 0.96 0.97 0.96 0.88 0.93 0.94 0.88
0.92 0.84 0.85 0.96 0.96 0.96 0.95 0.95 0.87 0.89 0.96 0.82 0.84 0.88 0.96 0.92 0.91 0.96
0.92 0.84 0.85 0.96 0.96 0.96 0.95 0.96 0.87 0.89 0.96 0.81 0.84 0.87 0.96 0.92 0.91 0.96
0.93 0.85 0.86 0.96 0.96 0.96 0.96 0.96 0.88 0.90 0.97 0.83 0.85 0.89 0.97 0.93 0.92 0.97
0.93 0.86 0.87 0.95 0.95 0.96 0.95 0.95 0.88 0.91 0.96 0.83 0.86 0.89 0.96 0.94 0.93 0.96
0.93 0.85 0.86 0.95 0.96 0.96 0.95 0.96 0.88 0.90 0.98 0.83 0.85 0.89 0.97 0.93 0.92 0.98
0.93 0.94 0.94 0.87 0.87 0.88 0.88 0.88 0.94 0.95 0.90 0.93 0.94 0.95 0.90 0.94 0.95 0.90
0.96 0.95 0.95 0.89 0.89 0.90 0.91 0.90 0.95 0.97 0.92 0.93 0.95 0.97 0.92 0.97 0.98 0.92
0.95 0.87 0.88 0.96 0.96 0.97 0.96 0.98 0.90 0.92 1.00 0.84 0.87 0.90 1.00 0.95 0.94 1.00
0.90 0.96 0.96 0.82 0.81 0.83 0.83 0.83 0.93 0.93 0.84 1.00 0.98 0.94 0.85 0.89 0.91 0.84
0.92 0.97 0.97 0.84 0.84 0.85 0.86 0.85 0.94 0.95 0.87 0.98 1.00 0.96 0.87 0.92 0.93 0.87
0.95 0.96 0.96 0.88 0.87 0.89 0.89 0.89 0.95 0.97 0.90 0.94 0.96 1.00 0.91 0.95 0.97 0.90
0.95 0.87 0.88 0.96 0.96 0.97 0.96 0.97 0.90 0.92 1.00 0.85 0.87 0.91 1.00 0.95 0.94 1.00
0.97 0.92 0.93 0.92 0.92 0.93 0.94 0.93 0.94 0.97 0.95 0.89 0.92 0.95 0.95 1.00 0.99 0.95
0.97 0.93 0.94 0.91 0.91 0.92 0.93 0.92 0.95 0.98 0.94 0.91 0.93 0.97 0.94 0.99 1.00 0.94
0.95 0.87 0.88 0.96 0.96 0.97 0.96 0.98 0.90 0.92 1.00 0.84 0.87 0.90 1.00 0.95 0.94 1.00];
