CP=[19.2
60
56
21.85
20.8
18.5
38
54
40
53
53
34.5
14.2
50.5
24.1
63.8
69
38.8
63.9
95
85
73.5
39.7
10.35
12.2
24.5
32.8
7
11.3
12.75
21.5
13
25
42.2
62
30.2
46
60.75
48
33
52.4
19
64.6
28.3
48
54.75
56
22
7
30
13.2
17
2
45.5
35
20
20.9
19.5
25
11.5
29.25
12
14.2
8.4
17
36.5
11
12.5
36];
