P=[0.96 0.93 0.93 0.93 0.93 0.93 0.92 0.94 0.92 0.91 0.91 0.94 0.96 0.91 0.97 0.94 0.88 0.96
0.93 0.96 0.96 0.87 0.86 0.97 0.86 0.88 0.86 0.97 0.85 0.88 0.96 0.97 0.94 0.88 0.82 0.96
0.93 0.96 0.96 0.87 0.86 0.96 0.86 0.88 0.86 0.96 0.85 0.88 0.96 0.97 0.94 0.88 0.82 0.96
0.93 0.87 0.87 0.96 0.96 0.87 0.96 0.97 0.97 0.84 0.95 0.97 0.91 0.85 0.92 0.97 0.95 0.90
0.93 0.86 0.86 0.96 0.96 0.86 0.96 0.97 0.97 0.84 0.96 0.97 0.90 0.84 0.92 0.97 0.95 0.90
0.93 0.97 0.96 0.87 0.86 0.97 0.86 0.88 0.86 0.97 0.85 0.88 0.96 0.97 0.95 0.88 0.82 0.96
0.92 0.86 0.86 0.96 0.96 0.86 0.96 0.96 0.97 0.84 0.95 0.97 0.90 0.84 0.92 0.97 0.95 0.90
0.94 0.88 0.88 0.97 0.97 0.88 0.96 0.98 0.97 0.85 0.96 0.98 0.92 0.86 0.93 0.99 0.94 0.91
0.92 0.86 0.86 0.97 0.97 0.86 0.97 0.97 0.99 0.83 0.96 0.98 0.89 0.84 0.91 0.98 0.96 0.89
0.91 0.97 0.96 0.84 0.84 0.97 0.84 0.85 0.83 0.99 0.82 0.85 0.94 0.99 0.92 0.85 0.79 0.94
0.91 0.85 0.85 0.95 0.96 0.85 0.95 0.96 0.96 0.82 0.96 0.96 0.89 0.83 0.90 0.96 0.96 0.88
0.94 0.88 0.88 0.97 0.97 0.88 0.97 0.98 0.98 0.85 0.96 1.00 0.92 0.86 0.93 1.00 0.94 0.91
0.96 0.96 0.96 0.91 0.90 0.96 0.90 0.92 0.89 0.94 0.89 0.92 0.99 0.94 0.98 0.92 0.86 0.99
0.91 0.97 0.97 0.85 0.84 0.97 0.84 0.86 0.84 0.99 0.83 0.86 0.94 1.00 0.92 0.86 0.80 0.95
0.97 0.94 0.94 0.92 0.92 0.95 0.92 0.93 0.91 0.92 0.90 0.93 0.98 0.92 1.00 0.93 0.87 0.98
0.94 0.88 0.88 0.97 0.97 0.88 0.97 0.99 0.98 0.85 0.96 1.00 0.92 0.86 0.93 1.00 0.94 0.91
0.88 0.82 0.82 0.95 0.95 0.82 0.95 0.94 0.96 0.79 0.96 0.94 0.86 0.80 0.87 0.94 1.00 0.85
0.96 0.96 0.96 0.90 0.90 0.96 0.90 0.91 0.89 0.94 0.88 0.91 0.99 0.95 0.98 0.91 0.85 1.00];
