P=[0.96 0.92 0.93 0.93 0.93 0.93 0.94 0.92 0.94 0.92 0.92 0.95 0.95 0.92 0.94 0.93 0.95 0.95 0.89
0.92 0.96 0.96 0.96 0.96 0.96 0.88 0.85 0.97 0.96 0.85 0.88 0.96 0.84 0.87 0.86 0.90 0.96 0.96
0.93 0.96 0.95 0.96 0.96 0.96 0.89 0.86 0.96 0.96 0.86 0.89 0.96 0.85 0.88 0.87 0.90 0.96 0.95
0.93 0.96 0.96 0.96 0.96 0.96 0.88 0.85 0.97 0.97 0.86 0.89 0.96 0.85 0.87 0.86 0.90 0.97 0.96
0.93 0.96 0.96 0.96 0.97 0.96 0.88 0.86 0.97 0.97 0.86 0.89 0.97 0.85 0.87 0.86 0.90 0.97 0.95
0.93 0.96 0.96 0.96 0.96 0.96 0.88 0.86 0.97 0.97 0.86 0.89 0.96 0.85 0.87 0.86 0.90 0.96 0.96
0.94 0.88 0.89 0.88 0.88 0.88 0.97 0.95 0.89 0.88 0.94 0.96 0.90 0.96 0.97 0.95 0.96 0.91 0.85
0.92 0.85 0.86 0.85 0.86 0.86 0.95 0.94 0.87 0.85 0.93 0.95 0.88 0.95 0.95 0.94 0.94 0.88 0.82
0.94 0.97 0.96 0.97 0.97 0.97 0.89 0.87 0.98 0.97 0.87 0.90 0.98 0.86 0.88 0.87 0.91 0.98 0.95
0.92 0.96 0.96 0.97 0.97 0.97 0.88 0.85 0.97 0.97 0.85 0.88 0.97 0.84 0.86 0.86 0.89 0.97 0.96
0.92 0.85 0.86 0.86 0.86 0.86 0.94 0.93 0.87 0.85 0.93 0.94 0.88 0.94 0.94 0.94 0.93 0.88 0.82
0.95 0.88 0.89 0.89 0.89 0.89 0.96 0.95 0.90 0.88 0.94 0.97 0.91 0.95 0.96 0.95 0.96 0.91 0.85
0.95 0.96 0.96 0.96 0.97 0.96 0.90 0.88 0.98 0.97 0.88 0.91 0.98 0.87 0.89 0.88 0.92 0.98 0.94
0.92 0.84 0.85 0.85 0.85 0.85 0.96 0.95 0.86 0.84 0.94 0.95 0.87 0.98 0.97 0.95 0.94 0.87 0.81
0.94 0.87 0.88 0.87 0.87 0.87 0.97 0.95 0.88 0.86 0.94 0.96 0.89 0.97 0.97 0.96 0.95 0.89 0.83
0.93 0.86 0.87 0.86 0.86 0.86 0.95 0.94 0.87 0.86 0.94 0.95 0.88 0.95 0.96 0.95 0.94 0.89 0.83
0.95 0.90 0.90 0.90 0.90 0.90 0.96 0.94 0.91 0.89 0.93 0.96 0.92 0.94 0.95 0.94 0.96 0.92 0.86
0.95 0.96 0.96 0.97 0.97 0.96 0.91 0.88 0.98 0.97 0.88 0.91 0.98 0.87 0.89 0.89 0.92 1.00 0.94
0.89 0.96 0.95 0.96 0.95 0.96 0.85 0.82 0.95 0.96 0.82 0.85 0.94 0.81 0.83 0.83 0.86 0.94 1.00];
