P=[0.96 0.92 0.93 0.93 0.91 0.91 0.93 0.93 0.94 0.91 0.90 0.95 0.96 0.91 0.91 0.95 0.95
0.92 0.96 0.86 0.97 0.96 0.96 0.96 0.85 0.87 0.96 0.96 0.88 0.89 0.95 0.97 0.88 0.88
0.93 0.86 0.96 0.88 0.85 0.85 0.88 0.96 0.96 0.85 0.84 0.95 0.96 0.86 0.85 0.96 0.96
0.93 0.97 0.88 0.97 0.96 0.96 0.96 0.87 0.88 0.96 0.96 0.90 0.90 0.95 0.97 0.89 0.89
0.91 0.96 0.85 0.96 0.96 0.96 0.95 0.84 0.86 0.96 0.96 0.87 0.88 0.95 0.97 0.87 0.87
0.91 0.96 0.85 0.96 0.96 0.96 0.95 0.84 0.85 0.96 0.96 0.87 0.87 0.95 0.97 0.86 0.86
0.93 0.96 0.88 0.96 0.95 0.95 0.95 0.87 0.89 0.95 0.94 0.90 0.90 0.95 0.95 0.90 0.90
0.93 0.85 0.96 0.87 0.84 0.84 0.87 0.97 0.96 0.84 0.83 0.96 0.97 0.85 0.84 0.97 0.97
0.94 0.87 0.96 0.88 0.86 0.85 0.89 0.96 0.97 0.86 0.84 0.96 0.97 0.86 0.85 0.97 0.97
0.91 0.96 0.85 0.96 0.96 0.96 0.95 0.84 0.86 0.96 0.96 0.87 0.88 0.95 0.97 0.87 0.87
0.90 0.96 0.84 0.96 0.96 0.96 0.94 0.83 0.84 0.96 0.97 0.86 0.86 0.95 0.98 0.86 0.85
0.95 0.88 0.95 0.90 0.87 0.87 0.90 0.96 0.96 0.87 0.86 0.96 0.97 0.88 0.87 0.97 0.97
0.96 0.89 0.96 0.90 0.88 0.87 0.90 0.97 0.97 0.88 0.86 0.97 1.00 0.88 0.87 0.99 0.99
0.91 0.95 0.86 0.95 0.95 0.95 0.95 0.85 0.86 0.95 0.95 0.88 0.88 0.96 0.96 0.87 0.87
0.91 0.97 0.85 0.97 0.97 0.97 0.95 0.84 0.85 0.97 0.98 0.87 0.87 0.96 0.99 0.86 0.86
0.95 0.88 0.96 0.89 0.87 0.86 0.90 0.97 0.97 0.87 0.86 0.97 0.99 0.87 0.86 1.00 1.00
0.95 0.88 0.96 0.89 0.87 0.86 0.90 0.97 0.97 0.87 0.85 0.97 0.99 0.87 0.86 1.00 1.00];

